

1


1  0
2  0
3  0
4  0
5  0
6  0
7  0
8  0
9  0
10  0
11  0
12  0
13  0
14  0
15  0
16  0
17  0
18  0
19  0
20  0
21  0
22  0
23  0
24  0
25  0
26  0
27  0
28  0
29  0
30  0
31  0
32  0


evaclass  0


part1

1  0.145317
2  0
3  0
4  0.0341831
5  0.114955
6  0
7  0
8  0
9  0
10  0
11  0.0616838
12  0
13  0
14  0
15  0
16  0
17  0.229755
18  0
19  0
20  0
21  0
22  0.0392479
23  0.0616838
24  0.050577
25  0
26  0
27  0
28  0
29  0
30  0.0567791
31  0.110825
32  0.0949931
parterrornum1 17
part12

1  0.239549
2  0.107778
3  0
4  0
5  0.22891
6  0
7  0
8  0
9  0
10  0.0452396
11  0
12  0
13  0.0647116
14  0
15  0
16  0.054024
17  0
18  0
19  0
20  0.0433363
21  0.0817579
22  0
23  0.0614907
24  0
25  0
26  0.0732032
27  0
28  0
29  0
30  0
31  0
32  0
parterrornum2 1
part123

1  0.478705
2  0
3  0
4  0.0669648
5  0.155667
6  0.0818863
7  0
8  0
9  0
10  0
11  0
12  0
13  0
14  0
15  0
16  0
17  0
18  0
19  0
20  0
21  0
22  0
23  0.0651046
24  0
25  0
26  0
27  0
28  0
29  0
30  0.0502236
31  0
32  0.101449
parterrornum3 1


2


1  0
2  0
3  0
4  0
5  0
6  0
7  0
8  0
9  0
10  0
11  0
12  0
13  0
14  0
15  0
16  0
17  0
18  0
19  0
20  0
21  0
22  0
23  0
24  0
25  0
26  0
27  0
28  0
29  0
30  0
31  0
32  0


evaclass  0


part1

1  0.226184
2  0
3  0
4  0
5  0.0716318
6  0
7  0
8  0.0420613
9  0
10  0
11  0
12  0
13  0.0922114
14  0.0501501
15  0
16  0
17  0.297838
18  0
19  0.0294181
20  0
21  0
22  0.0356284
23  0.0372081
24  0.0422231
25  0
26  0
27  0
28  0
29  0
30  0
31  0
32  0.0754457
parterrornum1 17
part12

1  0.345439
2  0
3  0.0462157
4  0.0534439
5  0
6  0
7  0
8  0
9  0
10  0
11  0.0947272
12  0
13  0
14  0
15  0
16  0
17  0.27443
18  0
19  0
20  0
21  0
22  0.0440912
23  0.0581423
24  0
25  0
26  0.0494209
27  0
28  0
29  0.0340903
30  0
31  0
32  0
parterrornum2 1
part123

1  0.462567
2  0
3  0
4  0.0395662
5  0.0834931
6  0
7  0
8  0
9  0
10  0
11  0
12  0
13  0
14  0.191216
15  0
16  0
17  0.0364149
18  0
19  0
20  0
21  0
22  0
23  0
24  0
25  0
26  0
27  0
28  0
29  0.126052
30  0
31  0
32  0.0606916
parterrornum3 1


3


1  0
2  0
3  0
4  0
5  0
6  0
7  0
8  0
9  0
10  0
11  0
12  0
13  0
14  0
15  0
16  0
17  0
18  0
19  0
20  0
21  0
22  0
23  0
24  0
25  0
26  0
27  0
28  0
29  0
30  0
31  0
32  0


evaclass  0


part1

1  0.554748
2  0
3  0
4  0
5  0
6  0.0369986
7  0.0338273
8  0
9  0
10  0
11  0
12  0
13  0
14  0
15  0
16  0
17  0.277819
18  0
19  0
20  0
21  0
22  0
23  0
24  0
25  0
26  0.055498
27  0
28  0
29  0
30  0
31  0
32  0.0411096
parterrornum1 1
part12

1  0.571352
2  0.03858
3  0
4  0.0507447
5  0
6  0.060831
7  0
8  0
9  0
10  0
11  0
12  0
13  0.0529521
14  0
15  0
16  0
17  0.111311
18  0
19  0
20  0
21  0
22  0
23  0
24  0
25  0
26  0.0542232
27  0.0600062
28  0
29  0
30  0
31  0
32  0
parterrornum2 1
part123

1  0.66521
2  0.031533
3  0.0449237
4  0.089809
5  0.0238657
6  0
7  0
8  0
9  0
10  0
11  0
12  0
13  0
14  0
15  0
16  0
17  0
18  0
19  0
20  0.0725331
21  0
22  0
23  0
24  0
25  0
26  0
27  0
28  0
29  0.0465443
30  0
31  0.0255816
32  0
parterrornum3 1


4


1  0
2  0
3  0
4  0
5  0
6  0
7  0
8  0
9  0
10  0
11  0
12  0
13  0
14  0
15  0
16  0
17  0
18  0
19  0
20  0
21  0
22  0
23  0
24  0
25  0
26  0
27  0
28  0
29  0
30  0
31  0
32  0


evaclass  0


part1

1  0.654832
2  0
3  0
4  0
5  0.0636493
6  0
7  0
8  0
9  0
10  0
11  0.0424743
12  0
13  0
14  0.0524612
15  0
16  0
17  0
18  0
19  0.0501969
20  0.0420951
21  0
22  0
23  0
24  0
25  0
26  0.0942911
27  0
28  0
29  0
30  0
31  0
32  0
parterrornum1 1
part12

1  0.509058
2  0
3  0
4  0.0541224
5  0
6  0
7  0
8  0.0341741
9  0
10  0
11  0
12  0
13  0
14  0
15  0
16  0
17  0
18  0.0738634
19  0.0741977
20  0
21  0
22  0
23  0
24  0
25  0
26  0.131367
27  0.0643087
28  0
29  0.0589095
30  0
31  0
32  0
parterrornum2 1
part123

1  0.66425
2  0
3  0
4  0
5  0
6  0
7  0
8  0
9  0
10  0
11  0
12  0
13  0
14  0.0660633
15  0
16  0
17  0
18  0
19  0.0445665
20  0
21  0
22  0.0448166
23  0.0366719
24  0
25  0
26  0.0439298
27  0
28  0
29  0.0366719
30  0
31  0.0630298
32  0
parterrornum3 1


5


1  0
2  0
3  0
4  0
5  0
6  0
7  0
8  0
9  0
10  0
11  0
12  0
13  0
14  0
15  0
16  0
17  0
18  0
19  0
20  0
21  0
22  0
23  0
24  0
25  0
26  0
27  0
28  0
29  0
30  0
31  0
32  0


evaclass  0


part1

1  0.652198
2  0
3  0
4  0
5  0
6  0
7  0
8  0
9  0
10  0
11  0
12  0.0445139
13  0
14  0.0649851
15  0
16  0
17  0
18  0
19  0
20  0.0869954
21  0
22  0
23  0
24  0
25  0
26  0.0973858
27  0
28  0
29  0.0539214
30  0
31  0
32  0
parterrornum1 1
part12

1  0.611126
2  0
3  0
4  0
5  0
6  0
7  0
8  0
9  0
10  0
11  0
12  0
13  0.1485
14  0
15  0
16  0
17  0
18  0
19  0
20  0
21  0
22  0.0475179
23  0
24  0
25  0
26  0
27  0.110695
28  0
29  0.0431372
30  0
31  0
32  0.0390243
parterrornum2 1
part123

1  0.430694
2  0
3  0
4  0
5  0.0322108
6  0
7  0
8  0
9  0
10  0
11  0
12  0.0366669
13  0
14  0.0851773
15  0
16  0
17  0
18  0
19  0.242851
20  0.0574311
21  0
22  0
23  0
24  0
25  0
26  0
27  0
28  0
29  0
30  0.0505479
31  0.0644217
32  0
parterrornum3 1


6


1  0
2  0
3  0
4  0
5  0
6  0
7  0
8  0
9  0
10  0
11  0
12  0
13  0
14  0
15  0
16  0
17  0
18  0
19  0
20  0
21  0
22  0
23  0
24  0
25  0
26  0
27  0
28  0
29  0
30  0
31  0
32  0


evaclass  0


part1

1  0
2  0.0878528
3  0
4  0
5  0.136425
6  0
7  0.0848023
8  0
9  0
10  0
11  0
12  0
13  0
14  0
15  0.179052
16  0.0619475
17  0
18  0
19  0
20  0
21  0
22  0
23  0.241438
24  0
25  0
26  0
27  0.0620601
28  0
29  0
30  0
31  0
32  0.146421
parterrornum1 23
part12

1  0
2  0.35096
3  0
4  0.063215
5  0
6  0
7  0.143833
8  0.079807
9  0.0626882
10  0
11  0
12  0
13  0
14  0
15  0
16  0.1522
17  0
18  0
19  0
20  0
21  0
22  0
23  0.0757409
24  0
25  0.0715558
26  0
27  0
28  0
29  0
30  0
31  0
32  0
parterrornum2 2
part123

1  0
2  0.826616
3  0
4  0
5  0.124089
6  0
7  0
8  0
9  0
10  0
11  0
12  0
13  0
14  0
15  0
16  0
17  0
18  0
19  0
20  0
21  0
22  0
23  0.0492951
24  0
25  0
26  0
27  0
28  0
29  0
30  0
31  0
32  0
parterrornum3 2


7


1  0
2  0
3  0
4  0
5  0
6  0
7  0
8  0
9  0
10  0
11  0
12  0
13  0
14  0
15  0
16  0
17  0
18  0
19  0
20  0
21  0
22  0
23  0
24  0
25  0
26  0
27  0
28  0
29  0
30  0
31  0
32  0


evaclass  0


part1

1  0
2  0.704748
3  0
4  0
5  0
6  0
7  0
8  0.0473754
9  0
10  0
11  0
12  0
13  0
14  0
15  0.054489
16  0
17  0.132759
18  0
19  0
20  0
21  0
22  0
23  0
24  0
25  0
26  0
27  0
28  0.0606294
29  0
30  0
31  0
32  0
parterrornum1 2
part12

1  0
2  0.908975
3  0
4  0
5  0
6  0
7  0
8  0.0383869
9  0
10  0
11  0
12  0
13  0
14  0
15  0
16  0
17  0
18  0
19  0
20  0
21  0
22  0
23  0.0526382
24  0
25  0
26  0
27  0
28  0
29  0
30  0
31  0
32  0
parterrornum2 2
part123

1  0
2  0.854795
3  0
4  0.030586
5  0
6  0
7  0
8  0
9  0
10  0
11  0
12  0.0443703
13  0
14  0
15  0.0366569
16  0
17  0
18  0
19  0
20  0
21  0
22  0
23  0.0335919
24  0
25  0
26  0
27  0
28  0
29  0
30  0
31  0
32  0
parterrornum3 2


8


1  0
2  0
3  0
4  0
5  0
6  0
7  0
8  0
9  0
10  0
11  0
12  0
13  0
14  0
15  0
16  0
17  0
18  0
19  0
20  0
21  0
22  0
23  0
24  0
25  0
26  0
27  0
28  0
29  0
30  0
31  0
32  0


evaclass  0


part1

1  0
2  0.946506
3  0
4  0
5  0
6  0
7  0
8  0
9  0
10  0
11  0
12  0
13  0
14  0
15  0.0534938
16  0
17  0
18  0
19  0
20  0
21  0
22  0
23  0
24  0
25  0
26  0
27  0
28  0
29  0
30  0
31  0
32  0
parterrornum1 2
part12

1  0
2  0.727737
3  0
4  0
5  0
6  0
7  0.0666245
8  0
9  0
10  0
11  0
12  0
13  0
14  0
15  0.205639
16  0
17  0
18  0
19  0
20  0
21  0
22  0
23  0
24  0
25  0
26  0
27  0
28  0
29  0
30  0
31  0
32  0
parterrornum2 2
part123

1  0
2  0.926621
3  0
4  0
5  0
6  0
7  0
8  0
9  0
10  0
11  0
12  0
13  0
14  0
15  0
16  0.0305285
17  0
18  0
19  0
20  0
21  0
22  0
23  0
24  0
25  0
26  0
27  0
28  0
29  0
30  0.0428504
31  0
32  0
parterrornum3 2


9


1  0
2  0
3  0
4  0
5  0
6  0
7  0
8  0
9  0
10  0
11  0
12  0
13  0
14  0
15  0
16  0
17  0
18  0
19  0
20  0
21  0
22  0
23  0
24  0
25  0
26  0
27  0
28  0
29  0
30  0
31  0
32  0


evaclass  0


part1

1  0
2  0.585532
3  0
4  0
5  0
6  0
7  0
8  0
9  0
10  0.0649619
11  0
12  0
13  0
14  0
15  0.129473
16  0
17  0
18  0
19  0
20  0
21  0
22  0
23  0
24  0
25  0
26  0
27  0
28  0
29  0.182686
30  0.0373469
31  0
32  0
parterrornum1 2
part12

1  0
2  0.73093
3  0
4  0
5  0
6  0
7  0.0479216
8  0
9  0
10  0
11  0.0378803
12  0
13  0
14  0
15  0.0550741
16  0
17  0
18  0
19  0
20  0
21  0
22  0
23  0.128194
24  0
25  0
26  0
27  0
28  0
29  0
30  0
31  0
32  0
parterrornum2 2
part123

1  0
2  0.69322
3  0
4  0
5  0
6  0
7  0.0312267
8  0.0333085
9  0
10  0
11  0
12  0
13  0
14  0
15  0.115425
16  0.0772331
17  0
18  0
19  0
20  0
21  0
22  0
23  0.0495868
24  0
25  0
26  0
27  0
28  0
29  0
30  0
31  0
32  0
parterrornum3 2


10


1  0
2  0
3  0
4  0
5  0
6  0
7  0
8  0
9  0
10  0
11  0
12  0
13  0
14  0
15  0
16  0
17  0
18  0
19  0
20  0
21  0
22  0
23  0
24  0
25  0
26  0
27  0
28  0
29  0
30  0
31  0
32  0


evaclass  0


part1

1  0
2  0.624951
3  0
4  0
5  0
6  0.036584
7  0
8  0
9  0
10  0
11  0
12  0
13  0
14  0.125448
15  0.0465237
16  0
17  0
18  0
19  0
20  0
21  0
22  0.123233
23  0
24  0
25  0
26  0
27  0
28  0
29  0.0432599
30  0
31  0
32  0
parterrornum1 2
part12

1  0
2  0.74064
3  0.0695386
4  0
5  0
6  0
7  0
8  0
9  0
10  0
11  0
12  0.0634696
13  0
14  0.0817551
15  0
16  0
17  0
18  0
19  0
20  0
21  0
22  0.0445972
23  0
24  0
25  0
26  0
27  0
28  0
29  0
30  0
31  0
32  0
parterrornum2 2
part123

1  0.046777
2  0.45577
3  0
4  0.177093
5  0
6  0
7  0
8  0
9  0
10  0
11  0
12  0
13  0
14  0
15  0
16  0
17  0
18  0
19  0
20  0.033629
21  0
22  0.039105
23  0
24  0
25  0
26  0
27  0
28  0
29  0.168382
30  0.0792443
31  0
32  0
parterrornum3 2


11


1  0
2  0
3  0
4  0
5  0
6  0
7  0
8  0
9  0
10  0
11  0
12  0
13  0
14  0
15  0
16  0
17  0
18  0
19  0
20  0
21  0
22  0
23  0
24  0
25  0
26  0
27  0
28  0
29  0
30  0
31  0
32  0


evaclass  0


part1

1  0
2  0
3  0.568255
4  0
5  0.193425
6  0
7  0
8  0
9  0.103832
10  0
11  0
12  0
13  0
14  0
15  0.134488
16  0
17  0
18  0
19  0
20  0
21  0
22  0
23  0
24  0
25  0
26  0
27  0
28  0
29  0
30  0
31  0
32  0
parterrornum1 3
part12

1  0
2  0
3  0.683717
4  0
5  0
6  0
7  0
8  0
9  0
10  0
11  0
12  0.156596
13  0
14  0
15  0
16  0
17  0.159687
18  0
19  0
20  0
21  0
22  0
23  0
24  0
25  0
26  0
27  0
28  0
29  0
30  0
31  0
32  0
parterrornum2 3
part123

1  0
2  0
3  0
4  0
5  0
6  0
7  0
8  0
9  0
10  0
11  0
12  0
13  0
14  0
15  0
16  0
17  0
18  0
19  0
20  0
21  0
22  0
23  0
24  0
25  0
26  0
27  0
28  0
29  0
30  0
31  0
32  0
parterrornum3 1


12


1  0
2  0
3  0
4  0
5  0
6  0
7  0
8  0
9  0
10  0
11  0
12  0
13  0
14  0
15  0
16  0
17  0
18  0
19  0
20  0
21  0
22  0
23  0
24  0
25  0
26  0
27  0
28  0
29  0
30  0
31  0
32  0


evaclass  0


part1

1  0
2  0
3  0.48048
4  0
5  0.0531996
6  0.0561426
7  0
8  0.0561426
9  0
10  0
11  0.0673712
12  0.0683514
13  0
14  0
15  0
16  0
17  0
18  0
19  0.0586379
20  0
21  0
22  0
23  0
24  0.0918882
25  0
26  0
27  0
28  0
29  0
30  0.067787
31  0
32  0
parterrornum1 3
part12

1  0
2  0
3  0.343669
4  0
5  0.0958378
6  0
7  0
8  0
9  0
10  0
11  0
12  0.13634
13  0
14  0.111504
15  0
16  0
17  0.196105
18  0
19  0
20  0
21  0
22  0.0679808
23  0
24  0.0485638
25  0
26  0
27  0
28  0
29  0
30  0
31  0
32  0
parterrornum2 3
part123

1  0
2  0
3  0.667802
4  0
5  0
6  0
7  0.0723181
8  0
9  0
10  0
11  0
12  0
13  0
14  0.146414
15  0.0455678
16  0
17  0
18  0
19  0
20  0
21  0
22  0
23  0
24  0.0678986
25  0
26  0
27  0
28  0
29  0
30  0
31  0
32  0
parterrornum3 3


13


1  0
2  0
3  0
4  0
5  0
6  0
7  0
8  0
9  0
10  0
11  0
12  0
13  0
14  0
15  0
16  0
17  0
18  0
19  0
20  0
21  0
22  0
23  0
24  0
25  0
26  0
27  0
28  0
29  0
30  0
31  0
32  0


evaclass  0


part1

1  0
2  0
3  0.375291
4  0
5  0
6  0
7  0.0619026
8  0
9  0
10  0
11  0
12  0
13  0
14  0.236996
15  0
16  0.0501338
17  0.166506
18  0
19  0
20  0
21  0
22  0
23  0
24  0.0652603
25  0
26  0
27  0
28  0
29  0
30  0.0439103
31  0
32  0
parterrornum1 3
part12

1  0
2  0
3  0.724589
4  0.106725
5  0
6  0
7  0
8  0
9  0
10  0
11  0
12  0
13  0
14  0.0596136
15  0
16  0
17  0
18  0
19  0
20  0
21  0
22  0
23  0
24  0
25  0
26  0.0410542
27  0
28  0
29  0.0680188
30  0
31  0
32  0
parterrornum2 3
part123

1  0
2  0
3  0.531749
4  0
5  0.0467592
6  0
7  0
8  0
9  0
10  0
11  0
12  0.0499157
13  0
14  0.0879632
15  0
16  0
17  0
18  0
19  0
20  0
21  0
22  0
23  0
24  0
25  0
26  0
27  0
28  0
29  0.181528
30  0
31  0.0493958
32  0.0526888
parterrornum3 3


14


1  0
2  0
3  0
4  0
5  0
6  0
7  0
8  0
9  0
10  0
11  0
12  0
13  0
14  0
15  0
16  0
17  0
18  0
19  0
20  0
21  0
22  0
23  0
24  0
25  0
26  0
27  0
28  0
29  0
30  0
31  0
32  0


evaclass  0


part1

1  0.0456394
2  0
3  0.57199
4  0
5  0
6  0
7  0
8  0
9  0
10  0
11  0
12  0.0418361
13  0
14  0.233912
15  0
16  0
17  0.0576832
18  0
19  0
20  0
21  0
22  0
23  0
24  0.0489393
25  0
26  0
27  0
28  0
29  0
30  0
31  0
32  0
parterrornum1 3
part12

1  0
2  0
3  0.729594
4  0.0457556
5  0
6  0
7  0
8  0
9  0
10  0
11  0
12  0.0909462
13  0.0415189
14  0
15  0
16  0
17  0
18  0
19  0.0514044
20  0
21  0
22  0
23  0
24  0
25  0
26  0
27  0
28  0
29  0.0407806
30  0
31  0
32  0
parterrornum2 3
part123

1  0
2  0
3  0.610713
4  0
5  0
6  0
7  0
8  0
9  0
10  0
11  0
12  0.113803
13  0
14  0.241092
15  0
16  0
17  0
18  0
19  0
20  0
21  0
22  0
23  0
24  0
25  0
26  0
27  0
28  0
29  0.0343921
30  0
31  0
32  0
parterrornum3 3


15


1  0
2  0
3  0
4  0
5  0
6  0
7  0
8  0
9  0
10  0
11  0
12  0
13  0
14  0
15  0
16  0
17  0
18  0
19  0
20  0
21  0
22  0
23  0
24  0
25  0
26  0
27  0
28  0
29  0
30  0
31  0
32  0


evaclass  0


part1

1  0
2  0
3  0.201847
4  0
5  0
6  0
7  0
8  0
9  0
10  0
11  0
12  0
13  0
14  0.49985
15  0
16  0
17  0.058288
18  0
19  0
20  0
21  0
22  0
23  0
24  0
25  0
26  0.0914566
27  0
28  0
29  0.0682802
30  0
31  0.0802784
32  0
parterrornum1 14
part12

1  0
2  0
3  0.358254
4  0
5  0.0510028
6  0
7  0
8  0
9  0
10  0
11  0
12  0
13  0.0551172
14  0.0438498
15  0
16  0
17  0
18  0
19  0.0582224
20  0
21  0
22  0
23  0
24  0
25  0
26  0.246863
27  0
28  0
29  0.186691
30  0
31  0
32  0
parterrornum2 3
part123

1  0
2  0
3  0.256341
4  0
5  0
6  0.0346881
7  0
8  0
9  0
10  0
11  0
12  0
13  0
14  0.474621
15  0
16  0
17  0
18  0
19  0
20  0
21  0
22  0
23  0
24  0
25  0
26  0
27  0
28  0
29  0.23435
30  0
31  0
32  0
parterrornum3 14


16


1  0
2  0
3  0
4  0
5  0
6  0
7  0
8  0
9  0
10  0
11  0
12  0
13  0
14  0
15  0
16  0
17  0
18  0
19  0
20  0
21  0
22  0
23  0
24  0
25  0
26  0
27  0
28  0
29  0
30  0
31  0
32  0


evaclass  0


part1

1  0
2  0
3  0
4  0.590472
5  0
6  0.243439
7  0
8  0
9  0
10  0
11  0.0806342
12  0
13  0
14  0
15  0
16  0
17  0
18  0
19  0
20  0
21  0
22  0
23  0.0854548
24  0
25  0
26  0
27  0
28  0
29  0
30  0
31  0
32  0
parterrornum1 4
part12

1  0
2  0.0384023
3  0
4  0.529937
5  0.0577523
6  0
7  0
8  0
9  0.0997269
10  0
11  0
12  0
13  0.0764076
14  0
15  0.0569584
16  0.140816
17  0
18  0
19  0
20  0
21  0
22  0
23  0
24  0
25  0
26  0
27  0
28  0
29  0
30  0
31  0
32  0
parterrornum2 4
part123

1  0
2  0
3  0
4  0.477628
5  0.117764
6  0
7  0
8  0
9  0
10  0
11  0.11792
12  0.114176
13  0
14  0
15  0
16  0.172512
17  0
18  0
19  0
20  0
21  0
22  0
23  0
24  0
25  0
26  0
27  0
28  0
29  0
30  0
31  0
32  0
parterrornum3 4


17


1  0
2  0
3  0
4  0
5  0
6  0
7  0
8  0
9  0
10  0
11  0
12  0
13  0
14  0
15  0
16  0
17  0
18  0
19  0
20  0
21  0
22  0
23  0
24  0
25  0
26  0
27  0
28  0
29  0
30  0
31  0
32  0


evaclass  0


part1

1  0.0744034
2  0.0698893
3  0
4  0.497779
5  0
6  0
7  0
8  0
9  0.0560252
10  0
11  0.0452737
12  0
13  0.0621699
14  0
15  0
16  0
17  0.0574905
18  0
19  0
20  0
21  0
22  0
23  0.061162
24  0
25  0.0758072
26  0
27  0
28  0
29  0
30  0
31  0
32  0
parterrornum1 4
part12

1  0.0557295
2  0
3  0
4  0
5  0.258099
6  0
7  0
8  0
9  0
10  0
11  0
12  0
13  0
14  0
15  0.333324
16  0.28616
17  0.0666874
18  0
19  0
20  0
21  0
22  0
23  0
24  0
25  0
26  0
27  0
28  0
29  0
30  0
31  0
32  0
parterrornum2 15
part123

1  0
2  0.333433
3  0
4  0.145606
5  0
6  0
7  0.0775772
8  0.0970047
9  0
10  0
11  0.142225
12  0
13  0
14  0
15  0
16  0.0754803
17  0
18  0
19  0
20  0
21  0
22  0
23  0.0555721
24  0.0731016
25  0
26  0
27  0
28  0
29  0
30  0
31  0
32  0
parterrornum3 2


18


1  0
2  0
3  0
4  0
5  0
6  0
7  0
8  0
9  0
10  0
11  0
12  0
13  0
14  0
15  0
16  0
17  0
18  0
19  0
20  0
21  0
22  0
23  0
24  0
25  0
26  0
27  0
28  0
29  0
30  0
31  0
32  0


evaclass  0


part1

1  0
2  0
3  0
4  0.36781
5  0
6  0.0461898
7  0
8  0
9  0
10  0
11  0
12  0.0364084
13  0.0494502
14  0
15  0
16  0
17  0.304921
18  0
19  0
20  0
21  0
22  0
23  0.0460793
24  0
25  0
26  0.104582
27  0
28  0
29  0
30  0
31  0
32  0.0445596
parterrornum1 4
part12

1  0
2  0.117263
3  0.200642
4  0.204397
5  0.144587
6  0
7  0
8  0
9  0.0691703
10  0
11  0
12  0
13  0
14  0
15  0.0670416
16  0.0403691
17  0.0469253
18  0
19  0
20  0
21  0
22  0
23  0.0465798
24  0
25  0
26  0
27  0
28  0
29  0
30  0
31  0
32  0.0630253
parterrornum2 4
part123

1  0
2  0.0593132
3  0
4  0.539695
5  0
6  0
7  0.0387785
8  0.166567
9  0
10  0
11  0
12  0
13  0
14  0
15  0.0652992
16  0
17  0
18  0
19  0
20  0
21  0
22  0.0414644
23  0.0263671
24  0
25  0
26  0
27  0.0625156
28  0
29  0
30  0
31  0
32  0
parterrornum3 4


19


1  0
2  0
3  0
4  0
5  0
6  0
7  0
8  0
9  0
10  0
11  0
12  0
13  0
14  0
15  0
16  0
17  0
18  0
19  0
20  0
21  0
22  0
23  0
24  0
25  0
26  0
27  0
28  0
29  0
30  0
31  0
32  0


evaclass  0


part1

1  0.0505502
2  0
3  0
4  0.432974
5  0
6  0
7  0
8  0
9  0
10  0
11  0
12  0.0332755
13  0
14  0
15  0.0479623
16  0
17  0.382697
18  0
19  0
20  0
21  0
22  0.0525403
23  0
24  0
25  0
26  0
27  0
28  0
29  0
30  0
31  0
32  0
parterrornum1 4
part12

1  0
2  0
3  0
4  0.497254
5  0.0258839
6  0
7  0
8  0
9  0
10  0
11  0
12  0
13  0.0417295
14  0
15  0
16  0
17  0.394
18  0
19  0
20  0
21  0
22  0
23  0
24  0
25  0
26  0
27  0
28  0
29  0
30  0
31  0
32  0.0411324
parterrornum2 4
part123

1  0
2  0
3  0
4  0.502543
5  0
6  0
7  0
8  0
9  0
10  0
11  0
12  0
13  0.0900779
14  0
15  0
16  0
17  0.0450039
18  0
19  0
20  0
21  0
22  0.0726729
23  0
24  0
25  0
26  0
27  0
28  0
29  0.131866
30  0.0513378
31  0
32  0.106498
parterrornum3 4


20


1  0
2  0
3  0
4  0
5  0
6  0
7  0
8  0
9  0
10  0
11  0
12  0
13  0
14  0
15  0
16  0
17  0
18  0
19  0
20  0
21  0
22  0
23  0
24  0
25  0
26  0
27  0
28  0
29  0
30  0
31  0
32  0


evaclass  0


part1

1  0.0349394
2  0.0475246
3  0
4  0.0686466
5  0
6  0
7  0
8  0
9  0
10  0.0477446
11  0
12  0
13  0
14  0
15  0
16  0
17  0.339009
18  0
19  0
20  0
21  0.0316831
22  0
23  0.04154
24  0
25  0
26  0.0348514
27  0.220421
28  0
29  0.0612539
30  0
31  0.072387
32  0
parterrornum1 17
part12

1  0.0657201
2  0
3  0.0411819
4  0.366272
5  0
6  0.0686521
7  0
8  0
9  0
10  0
11  0
12  0
13  0.0491895
14  0.169758
15  0
16  0
17  0.110567
18  0
19  0
20  0
21  0.0640271
22  0
23  0
24  0
25  0
26  0.0646327
27  0
28  0
29  0
30  0
31  0
32  0
parterrornum2 4
part123

1  0.060402
2  0.054837
3  0
4  0.362629
5  0
6  0
7  0
8  0
9  0
10  0.0412107
11  0
12  0.0644288
13  0
14  0
15  0
16  0
17  0
18  0
19  0
20  0
21  0
22  0
23  0
24  0
25  0
26  0.0507227
27  0
28  0.0378169
29  0.288823
30  0.03913
31  0
32  0
parterrornum3 4


21


1  0
2  0
3  0
4  0
5  0
6  0
7  0
8  0
9  0
10  0
11  0
12  0
13  0
14  0
15  0
16  0
17  0
18  0
19  0
20  0
21  0
22  0
23  0
24  0
25  0
26  0
27  0
28  0
29  0
30  0
31  0
32  0


evaclass  0


part1

1  0.113246
2  0
3  0
4  0
5  0.460376
6  0
7  0
8  0
9  0
10  0
11  0
12  0
13  0
14  0
15  0
16  0.214698
17  0
18  0
19  0
20  0
21  0
22  0
23  0
24  0
25  0
26  0
27  0
28  0
29  0
30  0
31  0
32  0.21168
parterrornum1 5
part12

1  0
2  0
3  0.0611421
4  0.0525227
5  0.755436
6  0
7  0
8  0
9  0
10  0
11  0
12  0
13  0
14  0
15  0
16  0
17  0
18  0
19  0
20  0
21  0
22  0
23  0.049528
24  0
25  0
26  0
27  0
28  0
29  0
30  0
31  0.0813712
32  0
parterrornum2 5
part123

1  0
2  0
3  0
4  0
5  0.450871
6  0
7  0
8  0.437707
9  0
10  0
11  0
12  0
13  0
14  0
15  0
16  0
17  0
18  0
19  0
20  0
21  0
22  0.111422
23  0
24  0
25  0
26  0
27  0
28  0
29  0
30  0
31  0
32  0
parterrornum3 5


22


1  0
2  0
3  0
4  0
5  0
6  0
7  0
8  0
9  0
10  0
11  0
12  0
13  0
14  0
15  0
16  0
17  0
18  0
19  0
20  0
21  0
22  0
23  0
24  0
25  0
26  0
27  0
28  0
29  0
30  0
31  0
32  0


evaclass  0


part1

1  0
2  0
3  0
4  0
5  0.795352
6  0
7  0.0291766
8  0
9  0
10  0
11  0
12  0.0426677
13  0
14  0.0448011
15  0
16  0
17  0
18  0
19  0
20  0
21  0
22  0
23  0
24  0
25  0
26  0
27  0
28  0.0576014
29  0
30  0.0304008
31  0
32  0
parterrornum1 5
part12

1  0
2  0.0916397
3  0
4  0
5  0.616617
6  0
7  0
8  0
9  0
10  0
11  0
12  0.0520225
13  0
14  0
15  0.104839
16  0
17  0
18  0
19  0
20  0
21  0.0504277
22  0
23  0.0420945
24  0
25  0
26  0
27  0
28  0
29  0
30  0.0423593
31  0
32  0
parterrornum2 5
part123

1  0
2  0.0329189
3  0.0655966
4  0.075783
5  0.667347
6  0
7  0
8  0
9  0
10  0
11  0
12  0
13  0.04766
14  0
15  0.0565771
16  0
17  0
18  0
19  0
20  0
21  0
22  0
23  0
24  0
25  0
26  0
27  0
28  0
29  0
30  0.0541172
31  0
32  0
parterrornum3 5


23


1  0
2  0
3  0
4  0
5  0
6  0
7  0
8  0
9  0
10  0
11  0
12  0
13  0
14  0
15  0
16  0
17  0
18  0
19  0
20  0
21  0
22  0
23  0
24  0
25  0
26  0
27  0
28  0
29  0
30  0
31  0
32  0


evaclass  0


part1

1  0
2  0
3  0.0405213
4  0
5  0.423228
6  0
7  0.0558615
8  0
9  0
10  0.0383686
11  0
12  0.049928
13  0
14  0
15  0
16  0
17  0.140016
18  0
19  0
20  0.05234
21  0.0382058
22  0
23  0.0692239
24  0.0517864
25  0
26  0
27  0
28  0
29  0
30  0
31  0
32  0.0405213
parterrornum1 5
part12

1  0
2  0.0525941
3  0
4  0.101471
5  0.666512
6  0
7  0
8  0
9  0.0786898
10  0
11  0
12  0
13  0
14  0
15  0
16  0
17  0
18  0
19  0
20  0
21  0.0552041
22  0
23  0.0455298
24  0
25  0
26  0
27  0
28  0
29  0
30  0
31  0
32  0
parterrornum2 5
part123

1  0
2  0
3  0
4  0.0294883
5  0.784235
6  0
7  0.0410392
8  0.0356609
9  0
10  0
11  0
12  0.0363213
13  0.0321266
14  0
15  0
16  0
17  0
18  0
19  0
20  0.0411286
21  0
22  0
23  0
24  0
25  0
26  0
27  0
28  0
29  0
30  0
31  0
32  0
parterrornum3 5


24


1  0
2  0
3  0
4  0
5  0
6  0
7  0
8  0
9  0
10  0
11  0
12  0
13  0
14  0
15  0
16  0
17  0
18  0
19  0
20  0
21  0
22  0
23  0
24  0
25  0
26  0
27  0
28  0
29  0
30  0
31  0
32  0


evaclass  0


part1

1  0.045927
2  0
3  0
4  0
5  0.239648
6  0
7  0
8  0.0617927
9  0
10  0
11  0
12  0.0651328
13  0
14  0.0631287
15  0
16  0
17  0.226891
18  0
19  0.160029
20  0
21  0
22  0
23  0.0873486
24  0
25  0
26  0
27  0
28  0
29  0
30  0
31  0
32  0.0501022
parterrornum1 5
part12

1  0.136727
2  0
3  0
4  0.0524204
5  0.511481
6  0
7  0
8  0.0931129
9  0
10  0
11  0.0397204
12  0
13  0
14  0
15  0
16  0
17  0
18  0.0400212
19  0.0529212
20  0
21  0.0445722
22  0
23  0
24  0
25  0.0290237
26  0
27  0
28  0
29  0
30  0
31  0
32  0
parterrornum2 5
part123

1  0.0554962
2  0
3  0
4  0
5  0.732164
6  0
7  0.0449679
8  0
9  0
10  0
11  0
12  0.0953521
13  0
14  0
15  0
16  0
17  0
18  0
19  0
20  0.0720201
21  0
22  0
23  0
24  0
25  0
26  0
27  0
28  0
29  0
30  0
31  0
32  0
parterrornum3 5


25


1  0
2  0
3  0
4  0
5  0
6  0
7  0
8  0
9  0
10  0
11  0
12  0
13  0
14  0
15  0
16  0
17  0
18  0
19  0
20  0
21  0
22  0
23  0
24  0
25  0
26  0
27  0
28  0
29  0
30  0
31  0
32  0


evaclass  0


part1

1  0
2  0
3  0
4  0.05327
5  0.389958
6  0.0853354
7  0
8  0
9  0
10  0
11  0
12  0.0791897
13  0
14  0
15  0
16  0
17  0.23687
18  0
19  0
20  0
21  0
22  0
23  0.050093
24  0
25  0
26  0.105284
27  0
28  0
29  0
30  0
31  0
32  0
parterrornum1 5
part12

1  0.0374648
2  0
3  0
4  0
5  0.338358
6  0
7  0.114817
8  0
9  0
10  0
11  0.0514017
12  0.19799
13  0
14  0
15  0
16  0
17  0
18  0
19  0
20  0
21  0.0503902
22  0
23  0
24  0
25  0
26  0.0758288
27  0
28  0
29  0.0734311
30  0.0603184
31  0
32  0
parterrornum2 5
part123

1  0
2  0
3  0
4  0
5  0.657288
6  0
7  0
8  0
9  0
10  0
11  0
12  0
13  0
14  0
15  0
16  0
17  0
18  0
19  0
20  0
21  0
22  0.0418288
23  0
24  0
25  0
26  0.112319
27  0
28  0.0321508
29  0
30  0.156414
31  0
32  0
parterrornum3 5


26


1  0
2  0
3  0
4  0
5  0
6  0
7  0
8  0
9  0
10  0
11  0
12  0
13  0
14  0
15  0
16  0
17  0
18  0
19  0
20  0
21  0
22  0
23  0
24  0
25  0
26  0
27  0
28  0
29  0
30  0
31  0
32  0


evaclass  0


part1

1  0
2  0
3  0
4  0
5  0
6  0.259252
7  0.0695611
8  0
9  0
10  0.0980561
11  0
12  0
13  0
14  0
15  0
16  0
17  0
18  0
19  0
20  0
21  0.133932
22  0
23  0.163786
24  0
25  0
26  0.0817134
27  0.10576
28  0
29  0.0879392
30  0
31  0
32  0
parterrornum1 6
part12

1  0
2  0
3  0
4  0
5  0
6  0.545121
7  0
8  0
9  0.178383
10  0
11  0
12  0
13  0
14  0
15  0
16  0.0579524
17  0
18  0
19  0
20  0
21  0.0785767
22  0
23  0
24  0
25  0
26  0
27  0
28  0
29  0
30  0.0515133
31  0
32  0.0884537
parterrornum2 6
part123

1  0
2  0.174986
3  0
4  0
5  0
6  0.662823
7  0
8  0
9  0.162191
10  0
11  0
12  0
13  0
14  0
15  0
16  0
17  0
18  0
19  0
20  0
21  0
22  0
23  0
24  0
25  0
26  0
27  0
28  0
29  0
30  0
31  0
32  0
parterrornum3 6


27


1  0
2  0
3  0
4  0
5  0
6  0
7  0
8  0
9  0
10  0
11  0
12  0
13  0
14  0
15  0
16  0
17  0
18  0
19  0
20  0
21  0
22  0
23  0
24  0
25  0
26  0
27  0
28  0
29  0
30  0
31  0
32  0


evaclass  0


part1

1  0
2  0
3  0
4  0
5  0.0625498
6  0.257492
7  0
8  0
9  0
10  0
11  0
12  0
13  0
14  0
15  0
16  0.0512113
17  0
18  0
19  0.0736715
20  0
21  0
22  0.201042
23  0
24  0
25  0
26  0
27  0.0900704
28  0
29  0
30  0.121817
31  0.0515629
32  0.0905829
parterrornum1 6
part12

1  0
2  0
3  0.107894
4  0
5  0.0670527
6  0.305043
7  0
8  0
9  0
10  0
11  0
12  0
13  0
14  0.0664141
15  0
16  0
17  0
18  0
19  0
20  0
21  0
22  0.0672269
23  0
24  0.0782281
25  0
26  0
27  0.096821
28  0
29  0.121914
30  0
31  0
32  0.0894064
parterrornum2 6
part123

1  0
2  0
3  0
4  0
5  0
6  0.323846
7  0
8  0
9  0
10  0
11  0
12  0
13  0
14  0
15  0
16  0
17  0
18  0
19  0.103435
20  0
21  0
22  0
23  0
24  0
25  0.0714644
26  0
27  0.319279
28  0
29  0
30  0
31  0.0846289
32  0.0973457
parterrornum3 6


28


1  0
2  0
3  0
4  0
5  0
6  0
7  0
8  0
9  0
10  0
11  0
12  0
13  0
14  0
15  0
16  0
17  0
18  0
19  0
20  0
21  0
22  0
23  0
24  0
25  0
26  0
27  0
28  0
29  0
30  0
31  0
32  0


evaclass  0


part1

1  0
2  0
3  0
4  0
5  0
6  0.305155
7  0
8  0
9  0
10  0.0367785
11  0
12  0
13  0
14  0
15  0
16  0
17  0.176852
18  0.175888
19  0
20  0
21  0
22  0
23  0.0436814
24  0
25  0
26  0
27  0
28  0
29  0.0533454
30  0
31  0.0434881
32  0.164813
parterrornum1 6
part12

1  0
2  0
3  0
4  0.147822
5  0
6  0.368292
7  0
8  0
9  0
10  0
11  0
12  0.0504682
13  0
14  0
15  0
16  0
17  0.232893
18  0
19  0
20  0
21  0
22  0
23  0
24  0
25  0
26  0
27  0.0496107
28  0
29  0
30  0
31  0
32  0.150914
parterrornum2 6
part123

1  0
2  0
3  0
4  0
5  0
6  0.675324
7  0
8  0
9  0
10  0
11  0
12  0
13  0.131076
14  0
15  0.0578724
16  0
17  0
18  0
19  0
20  0
21  0.0501605
22  0.0855679
23  0
24  0
25  0
26  0
27  0
28  0
29  0
30  0
31  0
32  0
parterrornum3 6


29


1  0
2  0
3  0
4  0
5  0
6  0
7  0
8  0
9  0
10  0
11  0
12  0
13  0
14  0
15  0
16  0
17  0
18  0
19  0
20  0
21  0
22  0
23  0
24  0
25  0
26  0
27  0
28  0
29  0
30  0
31  0
32  0


evaclass  0


part1

1  0
2  0
3  0
4  0.0575557
5  0
6  0.24879
7  0
8  0
9  0
10  0
11  0.0543138
12  0.302457
13  0
14  0
15  0
16  0
17  0.100759
18  0
19  0
20  0
21  0
22  0
23  0
24  0
25  0
26  0.0471053
27  0.0421344
28  0
29  0.0610697
30  0
31  0.0858156
32  0
parterrornum1 12
part12

1  0.106572
2  0
3  0
4  0
5  0
6  0
7  0
8  0
9  0
10  0
11  0
12  0.0699735
13  0.0381347
14  0
15  0
16  0
17  0.369031
18  0
19  0
20  0
21  0
22  0
23  0
24  0
25  0
26  0.176388
27  0
28  0
29  0.0329672
30  0
31  0
32  0.206935
parterrornum2 17
part123

1  0
2  0
3  0.197092
4  0
5  0
6  0.517009
7  0.0563713
8  0
9  0
10  0
11  0.0385494
12  0
13  0.051816
14  0.049149
15  0
16  0
17  0.0516737
18  0
19  0
20  0
21  0
22  0
23  0
24  0
25  0
26  0
27  0
28  0
29  0
30  0
31  0
32  0.0383401
parterrornum3 6


30


1  0
2  0
3  0
4  0
5  0
6  0
7  0
8  0
9  0
10  0
11  0
12  0
13  0
14  0
15  0
16  0
17  0
18  0
19  0
20  0
21  0
22  0
23  0
24  0
25  0
26  0
27  0
28  0
29  0
30  0
31  0
32  0


evaclass  0


part1

1  0
2  0
3  0
4  0
5  0.0620819
6  0.125048
7  0
8  0
9  0
10  0
11  0
12  0.0626127
13  0
14  0.0499168
15  0.0338146
16  0
17  0
18  0.0718157
19  0.158111
20  0
21  0
22  0
23  0
24  0
25  0
26  0
27  0.317556
28  0
29  0
30  0
31  0.119044
32  0
parterrornum1 27
part12

1  0.11872
2  0
3  0.0641778
4  0
5  0
6  0.0572091
7  0
8  0
9  0
10  0
11  0
12  0.251179
13  0
14  0.0806735
15  0
16  0
17  0
18  0
19  0.159705
20  0
21  0
22  0.0854632
23  0
24  0
25  0
26  0.0679843
27  0.114889
28  0
29  0
30  0
31  0
32  0
parterrornum2 12
part123

1  0.117458
2  0
3  0.0624134
4  0
5  0
6  0
7  0
8  0
9  0
10  0
11  0
12  0.174335
13  0.0483616
14  0.0701304
15  0
16  0
17  0
18  0
19  0.355809
20  0
21  0
22  0
23  0
24  0
25  0
26  0
27  0.171492
28  0
29  0
30  0
31  0
32  0
parterrornum3 19


31


1  0
2  0
3  0
4  0
5  0
6  0
7  0
8  0
9  0
10  0
11  0
12  0
13  0
14  0
15  0
16  0
17  0
18  0
19  0
20  0
21  0
22  0
23  0
24  0
25  0
26  0
27  0
28  0
29  0
30  0
31  0
32  0


evaclass  0


part1

1  0
2  0
3  0
4  0
5  0
6  0
7  0.755678
8  0
9  0
10  0
11  0
12  0
13  0
14  0
15  0
16  0.244322
17  0
18  0
19  0
20  0
21  0
22  0
23  0
24  0
25  0
26  0
27  0
28  0
29  0
30  0
31  0
32  0
parterrornum1 7
part12

1  0
2  0
3  0
4  0
5  0
6  0
7  0.73597
8  0
9  0
10  0
11  0.26403
12  0
13  0
14  0
15  0
16  0
17  0
18  0
19  0
20  0
21  0
22  0
23  0
24  0
25  0
26  0
27  0
28  0
29  0
30  0
31  0
32  0
parterrornum2 7
part123

1  0
2  0
3  0
4  0.143955
5  0
6  0
7  0.79799
8  0
9  0
10  0
11  0
12  0
13  0
14  0
15  0
16  0
17  0
18  0
19  0
20  0
21  0
22  0
23  0
24  0
25  0
26  0
27  0
28  0
29  0.0580544
30  0
31  0
32  0
parterrornum3 7


32


1  0
2  0
3  0
4  0
5  0
6  0
7  0
8  0
9  0
10  0
11  0
12  0
13  0
14  0
15  0
16  0
17  0
18  0
19  0
20  0
21  0
22  0
23  0
24  0
25  0
26  0
27  0
28  0
29  0
30  0
31  0
32  0


evaclass  0


part1

1  0
2  0.111298
3  0
4  0
5  0
6  0
7  0.710137
8  0
9  0
10  0
11  0
12  0
13  0
14  0
15  0.178564
16  0
17  0
18  0
19  0
20  0
21  0
22  0
23  0
24  0
25  0
26  0
27  0
28  0
29  0
30  0
31  0
32  0
parterrornum1 7
part12

1  0
2  0
3  0
4  0
5  0.0862021
6  0
7  0.81298
8  0
9  0
10  0
11  0
12  0
13  0
14  0
15  0.0597279
16  0.0410896
17  0
18  0
19  0
20  0
21  0
22  0
23  0
24  0
25  0
26  0
27  0
28  0
29  0
30  0
31  0
32  0
parterrornum2 7
part123

1  0
2  0
3  0
4  0
5  0
6  0
7  0.658108
8  0.116659
9  0.0523845
10  0
11  0
12  0
13  0
14  0
15  0.05827
16  0.0668354
17  0
18  0
19  0
20  0
21  0
22  0
23  0.0477433
24  0
25  0
26  0
27  0
28  0
29  0
30  0
31  0
32  0
parterrornum3 7


33


1  0
2  0
3  0
4  0
5  0
6  0
7  0
8  0
9  0
10  0
11  0
12  0
13  0
14  0
15  0
16  0
17  0
18  0
19  0
20  0
21  0
22  0
23  0
24  0
25  0
26  0
27  0
28  0
29  0
30  0
31  0
32  0


evaclass  0


part1

1  0
2  0
3  0
4  0.0665843
5  0
6  0
7  0.381219
8  0.198811
9  0
10  0
11  0.24336
12  0
13  0
14  0
15  0
16  0.060952
17  0
18  0
19  0
20  0
21  0.0490732
22  0
23  0
24  0
25  0
26  0
27  0
28  0
29  0
30  0
31  0
32  0
parterrornum1 7
part12

1  0
2  0
3  0
4  0.0568401
5  0
6  0
7  0.836915
8  0
9  0
10  0
11  0
12  0
13  0.0362355
14  0
15  0
16  0
17  0
18  0
19  0
20  0
21  0
22  0
23  0.0335712
24  0
25  0.0364385
26  0
27  0
28  0
29  0
30  0
31  0
32  0
parterrornum2 7
part123

1  0
2  0
3  0.0303716
4  0.0905075
5  0
6  0
7  0.655341
8  0
9  0
10  0
11  0.0398819
12  0.149947
13  0
14  0
15  0
16  0.0339508
17  0
18  0
19  0
20  0
21  0
22  0
23  0
24  0
25  0
26  0
27  0
28  0
29  0
30  0
31  0
32  0
parterrornum3 7


34


1  0
2  0
3  0
4  0
5  0
6  0
7  0
8  0
9  0
10  0
11  0
12  0
13  0
14  0
15  0
16  0
17  0
18  0
19  0
20  0
21  0
22  0
23  0
24  0
25  0
26  0
27  0
28  0
29  0
30  0
31  0
32  0


evaclass  0


part1

1  0
2  0
3  0
4  0
5  0
6  0
7  0.446779
8  0.138199
9  0
10  0
11  0
12  0
13  0.0375511
14  0.0615139
15  0.315957
16  0
17  0
18  0
19  0
20  0
21  0
22  0
23  0
24  0
25  0
26  0
27  0
28  0
29  0
30  0
31  0
32  0
parterrornum1 7
part12

1  0
2  0.0988348
3  0
4  0
5  0
6  0
7  0.551183
8  0
9  0
10  0
11  0
12  0
13  0
14  0
15  0.10188
16  0
17  0.0378474
18  0
19  0
20  0
21  0
22  0
23  0.119523
24  0.0443108
25  0
26  0
27  0
28  0
29  0.0464208
30  0
31  0
32  0
parterrornum2 7
part123

1  0
2  0
3  0
4  0
5  0
6  0
7  0.609036
8  0
9  0.0259424
10  0
11  0
12  0
13  0
14  0
15  0
16  0.142383
17  0
18  0
19  0.128884
20  0
21  0
22  0.0937543
23  0
24  0
25  0
26  0
27  0
28  0
29  0
30  0
31  0
32  0
parterrornum3 7


35


1  0
2  0
3  0
4  0
5  0
6  0
7  0
8  0
9  0
10  0
11  0
12  0
13  0
14  0
15  0
16  0
17  0
18  0
19  0
20  0
21  0
22  0
23  0
24  0
25  0
26  0
27  0
28  0
29  0
30  0
31  0
32  0


evaclass  0


part1

1  0
2  0
3  0.0406717
4  0
5  0
6  0
7  0.618819
8  0
9  0
10  0
11  0.0765374
12  0.0588999
13  0.0336133
14  0.0595944
15  0
16  0
17  0
18  0
19  0
20  0
21  0
22  0
23  0
24  0
25  0
26  0
27  0
28  0
29  0.111864
30  0
31  0
32  0
parterrornum1 7
part12

1  0
2  0.0510867
3  0
4  0.0290379
5  0
6  0
7  0.628719
8  0
9  0
10  0
11  0
12  0
13  0
14  0
15  0.057051
16  0.061723
17  0
18  0
19  0.0474114
20  0
21  0
22  0
23  0.0919336
24  0
25  0
26  0
27  0
28  0
29  0
30  0
31  0
32  0.0330371
parterrornum2 7
part123

1  0.0732798
2  0
3  0
4  0
5  0
6  0
7  0.503686
8  0
9  0
10  0
11  0
12  0
13  0
14  0
15  0.0800215
16  0.15078
17  0
18  0
19  0.0510027
20  0
21  0.105054
22  0
23  0.0361754
24  0
25  0
26  0
27  0
28  0
29  0
30  0
31  0
32  0
parterrornum3 7


36


1  0
2  0
3  0
4  0
5  0
6  0
7  0
8  0
9  0
10  0
11  0
12  0
13  0
14  0
15  0
16  0
17  0
18  0
19  0
20  0
21  0
22  0
23  0
24  0
25  0
26  0
27  0
28  0
29  0
30  0
31  0
32  0


evaclass  0


part1

1  0
2  0
3  0
4  0
5  0.0576742
6  0
7  0
8  0.489954
9  0
10  0
11  0
12  0
13  0
14  0
15  0
16  0.0673391
17  0
18  0
19  0
20  0
21  0.171047
22  0
23  0.0704161
24  0
25  0
26  0.0854757
27  0
28  0
29  0
30  0.0580933
31  0
32  0
parterrornum1 8
part12

1  0
2  0
3  0
4  0
5  0
6  0
7  0.0900661
8  0.431577
9  0
10  0
11  0
12  0
13  0
14  0
15  0.126755
16  0.07649
17  0
18  0
19  0
20  0
21  0
22  0
23  0.208357
24  0
25  0.0667549
26  0
27  0
28  0
29  0
30  0
31  0
32  0
parterrornum2 8
part123

1  0
2  0.365244
3  0
4  0
5  0
6  0
7  0
8  0.36359
9  0.271166
10  0
11  0
12  0
13  0
14  0
15  0
16  0
17  0
18  0
19  0
20  0
21  0
22  0
23  0
24  0
25  0
26  0
27  0
28  0
29  0
30  0
31  0
32  0
parterrornum3 2


37


1  0
2  0
3  0
4  0
5  0
6  0
7  0
8  0
9  0
10  0
11  0
12  0
13  0
14  0
15  0
16  0
17  0
18  0
19  0
20  0
21  0
22  0
23  0
24  0
25  0
26  0
27  0
28  0
29  0
30  0
31  0
32  0


evaclass  0


part1

1  0
2  0
3  0
4  0.100885
5  0
6  0
7  0
8  0.867613
9  0
10  0
11  0
12  0
13  0
14  0
15  0
16  0
17  0
18  0
19  0
20  0
21  0
22  0
23  0
24  0
25  0
26  0
27  0.0315024
28  0
29  0
30  0
31  0
32  0
parterrornum1 8
part12

1  0
2  0
3  0
4  0
5  0
6  0
7  0.0372969
8  0.744504
9  0
10  0
11  0.125804
12  0
13  0
14  0
15  0
16  0
17  0
18  0
19  0.0611034
20  0
21  0
22  0
23  0
24  0
25  0
26  0
27  0
28  0
29  0
30  0
31  0.0312924
32  0
parterrornum2 8
part123

1  0
2  0
3  0
4  0
5  0
6  0
7  0.0949442
8  0.86341
9  0
10  0
11  0
12  0
13  0
14  0
15  0
16  0
17  0
18  0
19  0
20  0
21  0
22  0
23  0
24  0
25  0
26  0
27  0
28  0
29  0.0416456
30  0
31  0
32  0
parterrornum3 8


38


1  0
2  0
3  0
4  0
5  0
6  0
7  0
8  0
9  0
10  0
11  0
12  0
13  0
14  0
15  0
16  0
17  0
18  0
19  0
20  0
21  0
22  0
23  0
24  0
25  0
26  0
27  0
28  0
29  0
30  0
31  0
32  0


evaclass  0


part1

1  0
2  0
3  0
4  0
5  0.0953171
6  0
7  0.100329
8  0.668271
9  0
10  0
11  0.0519912
12  0
13  0
14  0
15  0
16  0.0440846
17  0
18  0
19  0.0400076
20  0
21  0
22  0
23  0
24  0
25  0
26  0
27  0
28  0
29  0
30  0
31  0
32  0
parterrornum1 8
part12

1  0
2  0
3  0
4  0
5  0
6  0
7  0.170757
8  0.492257
9  0
10  0
11  0.118732
12  0
13  0
14  0
15  0
16  0.173037
17  0
18  0
19  0
20  0
21  0
22  0
23  0
24  0
25  0
26  0.0452161
27  0
28  0
29  0
30  0
31  0
32  0
parterrornum2 8
part123

1  0
2  0.0792129
3  0
4  0
5  0
6  0
7  0.0426082
8  0.646293
9  0.0374486
10  0
11  0.0369493
12  0
13  0
14  0
15  0
16  0.0541526
17  0
18  0
19  0
20  0
21  0
22  0
23  0.103336
24  0
25  0
26  0
27  0
28  0
29  0
30  0
31  0
32  0
parterrornum3 8


39


1  0
2  0
3  0
4  0
5  0
6  0
7  0
8  0
9  0
10  0
11  0
12  0
13  0
14  0
15  0
16  0
17  0
18  0
19  0
20  0
21  0
22  0
23  0
24  0
25  0
26  0
27  0
28  0
29  0
30  0
31  0
32  0


evaclass  0


part1

1  0
2  0
3  0
4  0
5  0
6  0
7  0
8  0.673287
9  0
10  0
11  0.185192
12  0
13  0
14  0
15  0
16  0.0758788
17  0
18  0
19  0
20  0.032223
21  0
22  0
23  0.03342
24  0
25  0
26  0
27  0
28  0
29  0
30  0
31  0
32  0
parterrornum1 8
part12

1  0
2  0
3  0
4  0
5  0
6  0
7  0.0477768
8  0.823654
9  0
10  0
11  0.065176
12  0
13  0
14  0
15  0
16  0.037184
17  0
18  0
19  0
20  0
21  0
22  0
23  0
24  0
25  0
26  0
27  0
28  0
29  0.026209
30  0
31  0
32  0
parterrornum2 8
part123

1  0
2  0.0468619
3  0
4  0
5  0
6  0
7  0.0371362
8  0.614481
9  0
10  0
11  0
12  0
13  0
14  0
15  0.0628954
16  0.124489
17  0
18  0
19  0
20  0
21  0
22  0
23  0.0368738
24  0
25  0
26  0
27  0
28  0
29  0.0772622
30  0
31  0
32  0
parterrornum3 8


40


1  0
2  0
3  0
4  0
5  0
6  0
7  0
8  0
9  0
10  0
11  0
12  0
13  0
14  0
15  0
16  0
17  0
18  0
19  0
20  0
21  0
22  0
23  0
24  0
25  0
26  0
27  0
28  0
29  0
30  0
31  0
32  0


evaclass  0


part1

1  0
2  0
3  0
4  0
5  0
6  0
7  0.0291892
8  0.837282
9  0
10  0
11  0
12  0.0426699
13  0
14  0
15  0
16  0
17  0
18  0
19  0.0360375
20  0
21  0
22  0
23  0
24  0
25  0
26  0
27  0
28  0.0548217
29  0
30  0
31  0
32  0
parterrornum1 8
part12

1  0
2  0
3  0
4  0
5  0
6  0
7  0
8  0.812723
9  0
10  0
11  0
12  0
13  0
14  0
15  0
16  0.163803
17  0
18  0
19  0
20  0.0234747
21  0
22  0
23  0
24  0
25  0
26  0
27  0
28  0
29  0
30  0
31  0
32  0
parterrornum2 8
part123

1  0
2  0.0237114
3  0
4  0
5  0
6  0
7  0
8  0.902614
9  0
10  0
11  0
12  0
13  0
14  0
15  0
16  0
17  0
18  0
19  0
20  0
21  0
22  0
23  0
24  0
25  0
26  0
27  0
28  0
29  0
30  0
31  0
32  0.0736747
parterrornum3 8


41


1  0
2  0
3  0
4  0
5  0
6  0
7  0
8  0
9  0
10  0
11  0
12  0
13  0
14  0
15  0
16  0
17  0
18  0
19  0
20  0
21  0
22  0
23  0
24  0
25  0
26  0
27  0
28  0
29  0
30  0
31  0
32  0


evaclass  0


part1

1  0
2  0
3  0.0497573
4  0
5  0
6  0
7  0
8  0
9  0.667577
10  0
11  0
12  0
13  0
14  0
15  0
16  0
17  0
18  0
19  0
20  0
21  0.0675278
22  0
23  0.101604
24  0.0552859
25  0.0582476
26  0
27  0
28  0
29  0
30  0
31  0
32  0
parterrornum1 9
part12

1  0
2  0
3  0
4  0
5  0
6  0
7  0
8  0
9  0.414882
10  0.0839891
11  0.294421
12  0
13  0
14  0
15  0
16  0.120187
17  0
18  0
19  0
20  0
21  0
22  0
23  0
24  0
25  0
26  0
27  0
28  0
29  0
30  0
31  0
32  0.0865209
parterrornum2 9
part123

1  0
2  0
3  0
4  0
5  0
6  0
7  0
8  0.331018
9  0.358591
10  0
11  0
12  0
13  0
14  0
15  0
16  0
17  0
18  0
19  0
20  0
21  0
22  0
23  0
24  0
25  0
26  0
27  0
28  0
29  0.174361
30  0
31  0
32  0.136029
parterrornum3 9


42


1  0
2  0
3  0
4  0
5  0
6  0
7  0
8  0
9  0
10  0
11  0
12  0
13  0
14  0
15  0
16  0
17  0
18  0
19  0
20  0
21  0
22  0
23  0
24  0
25  0
26  0
27  0
28  0
29  0
30  0
31  0
32  0


evaclass  0


part1

1  0
2  0.0262287
3  0
4  0
5  0
6  0
7  0
8  0
9  0.900017
10  0
11  0
12  0
13  0
14  0
15  0
16  0
17  0
18  0.0230084
19  0
20  0
21  0.0277076
22  0
23  0
24  0
25  0
26  0
27  0
28  0
29  0.023038
30  0
31  0
32  0
parterrornum1 9
part12

1  0
2  0
3  0
4  0
5  0
6  0
7  0.0420649
8  0
9  0.957935
10  0
11  0
12  0
13  0
14  0
15  0
16  0
17  0
18  0
19  0
20  0
21  0
22  0
23  0
24  0
25  0
26  0
27  0
28  0
29  0
30  0
31  0
32  0
parterrornum2 9
part123

1  0
2  0
3  0
4  0
5  0
6  0
7  0
8  0
9  0.619578
10  0
11  0
12  0
13  0
14  0
15  0.114514
16  0
17  0
18  0
19  0
20  0
21  0.166074
22  0
23  0
24  0
25  0
26  0.0998345
27  0
28  0
29  0
30  0
31  0
32  0
parterrornum3 9


43


1  0
2  0
3  0
4  0
5  0
6  0
7  0
8  0
9  0
10  0
11  0
12  0
13  0
14  0
15  0
16  0
17  0
18  0
19  0
20  0
21  0
22  0
23  0
24  0
25  0
26  0
27  0
28  0
29  0
30  0
31  0
32  0


evaclass  0


part1

1  0
2  0
3  0
4  0
5  0
6  0
7  0
8  0
9  0.860313
10  0
11  0
12  0
13  0
14  0
15  0
16  0
17  0
18  0
19  0
20  0
21  0.0967716
22  0
23  0
24  0
25  0
26  0
27  0
28  0.0429149
29  0
30  0
31  0
32  0
parterrornum1 9
part12

1  0
2  0
3  0
4  0
5  0
6  0
7  0
8  0
9  1
10  0
11  0
12  0
13  0
14  0
15  0
16  0
17  0
18  0
19  0
20  0
21  0
22  0
23  0
24  0
25  0
26  0
27  0
28  0
29  0
30  0
31  0
32  0
parterrornum2 9
part123

1  0
2  0
3  0
4  0
5  0
6  0
7  0
8  0
9  0.735308
10  0
11  0
12  0
13  0
14  0
15  0
16  0.169383
17  0
18  0
19  0
20  0
21  0
22  0
23  0
24  0
25  0
26  0
27  0
28  0
29  0.0953096
30  0
31  0
32  0
parterrornum3 9


44


1  0
2  0
3  0
4  0
5  0
6  0
7  0
8  0
9  0
10  0
11  0
12  0
13  0
14  0
15  0
16  0
17  0
18  0
19  0
20  0
21  0
22  0
23  0
24  0
25  0
26  0
27  0
28  0
29  0
30  0
31  0
32  0


evaclass  0


part1

1  0
2  0
3  0
4  0
5  0
6  0
7  0
8  0
9  0.66627
10  0
11  0
12  0
13  0
14  0
15  0
16  0
17  0
18  0
19  0
20  0
21  0.237379
22  0
23  0
24  0
25  0.0483961
26  0
27  0
28  0
29  0
30  0
31  0
32  0.0479544
parterrornum1 9
part12

1  0
2  0
3  0
4  0
5  0
6  0
7  0
8  0
9  0.782812
10  0
11  0
12  0
13  0
14  0
15  0
16  0
17  0
18  0
19  0
20  0
21  0
22  0
23  0.0582379
24  0
25  0.113038
26  0.0459116
27  0
28  0
29  0
30  0
31  0
32  0
parterrornum2 9
part123

1  0
2  0.057757
3  0
4  0.110749
5  0
6  0
7  0
8  0
9  0.643637
10  0
11  0
12  0
13  0
14  0
15  0
16  0.11659
17  0
18  0
19  0
20  0
21  0
22  0
23  0
24  0
25  0
26  0
27  0
28  0
29  0
30  0
31  0
32  0.0712669
parterrornum3 9


45


1  0
2  0
3  0
4  0
5  0
6  0
7  0
8  0
9  0
10  0
11  0
12  0
13  0
14  0
15  0
16  0
17  0
18  0
19  0
20  0
21  0
22  0
23  0
24  0
25  0
26  0
27  0
28  0
29  0
30  0
31  0
32  0


evaclass  0


part1

1  0
2  0
3  0
4  0
5  0
6  0
7  0
8  0
9  0.833047
10  0
11  0
12  0
13  0
14  0
15  0
16  0
17  0
18  0
19  0
20  0
21  0.0745697
22  0
23  0
24  0
25  0.0523205
26  0
27  0
28  0
29  0
30  0
31  0
32  0.0400626
parterrornum1 9
part12

1  0
2  0
3  0
4  0
5  0
6  0
7  0
8  0.0406831
9  0.837665
10  0
11  0
12  0
13  0
14  0
15  0
16  0.0396818
17  0
18  0
19  0
20  0
21  0
22  0
23  0.0819698
24  0
25  0
26  0
27  0
28  0
29  0
30  0
31  0
32  0
parterrornum2 9
part123

1  0
2  0
3  0
4  0.106227
5  0
6  0
7  0
8  0
9  0.579502
10  0
11  0
12  0
13  0
14  0
15  0
16  0.0624672
17  0
18  0
19  0
20  0
21  0.0497171
22  0
23  0
24  0
25  0
26  0
27  0
28  0
29  0
30  0.202086
31  0
32  0
parterrornum3 9


46


1  0
2  0
3  0
4  0
5  0
6  0
7  0
8  0
9  0
10  0
11  0
12  0
13  0
14  0
15  0
16  0
17  0
18  0
19  0
20  0
21  0
22  0
23  0
24  0
25  0
26  0
27  0
28  0
29  0
30  0
31  0
32  0


evaclass  0


part1

1  0
2  0
3  0
4  0
5  0
6  0.0500044
7  0
8  0
9  0
10  0.848717
11  0
12  0
13  0.0522268
14  0
15  0
16  0
17  0
18  0
19  0.0490519
20  0
21  0
22  0
23  0
24  0
25  0
26  0
27  0
28  0
29  0
30  0
31  0
32  0
parterrornum1 10
part12

1  0
2  0
3  0
4  0
5  0
6  0
7  0
8  0
9  0
10  0.860424
11  0
12  0
13  0
14  0
15  0
16  0
17  0
18  0
19  0.0720019
20  0
21  0
22  0
23  0
24  0
25  0
26  0
27  0
28  0
29  0
30  0
31  0
32  0.0675738
parterrornum2 10
part123

1  0
2  0
3  0
4  0
5  0
6  0
7  0
8  0
9  0
10  0.839051
11  0
12  0
13  0
14  0
15  0
16  0.0452814
17  0
18  0
19  0
20  0
21  0
22  0.115668
23  0
24  0
25  0
26  0
27  0
28  0
29  0
30  0
31  0
32  0
parterrornum3 10


47


1  0
2  0
3  0
4  0
5  0
6  0
7  0
8  0
9  0
10  0
11  0
12  0
13  0
14  0
15  0
16  0
17  0
18  0
19  0
20  0
21  0
22  0
23  0
24  0
25  0
26  0
27  0
28  0
29  0
30  0
31  0
32  0


evaclass  0


part1

1  0
2  0
3  0
4  0
5  0
6  0
7  0
8  0
9  0
10  0.74869
11  0
12  0
13  0
14  0
15  0
16  0
17  0.0794439
18  0
19  0
20  0
21  0
22  0.108485
23  0
24  0
25  0
26  0
27  0
28  0
29  0
30  0.0633815
31  0
32  0
parterrornum1 10
part12

1  0
2  0
3  0.0717642
4  0
5  0
6  0.120685
7  0
8  0
9  0
10  0.474911
11  0
12  0
13  0
14  0
15  0
16  0
17  0
18  0
19  0
20  0
21  0
22  0.0844615
23  0
24  0
25  0
26  0
27  0
28  0
29  0
30  0.16653
31  0
32  0.081648
parterrornum2 10
part123

1  0
2  0
3  0.0419596
4  0.0396406
5  0
6  0
7  0
8  0
9  0
10  0.787327
11  0
12  0
13  0
14  0.0536485
15  0
16  0.0396858
17  0
18  0
19  0
20  0
21  0
22  0.0377389
23  0
24  0
25  0
26  0
27  0
28  0
29  0
30  0
31  0
32  0
parterrornum3 10


48


1  0
2  0
3  0
4  0
5  0
6  0
7  0
8  0
9  0
10  0
11  0
12  0
13  0
14  0
15  0
16  0
17  0
18  0
19  0
20  0
21  0
22  0
23  0
24  0
25  0
26  0
27  0
28  0
29  0
30  0
31  0
32  0


evaclass  0


part1

1  0
2  0
3  0
4  0
5  0
6  0.0537086
7  0
8  0
9  0
10  0.342378
11  0
12  0
13  0
14  0
15  0
16  0
17  0.160937
18  0
19  0
20  0
21  0
22  0.140857
23  0
24  0
25  0
26  0
27  0
28  0.037859
29  0.0554363
30  0.16075
31  0
32  0.0480749
parterrornum1 10
part12

1  0
2  0.0399008
3  0
4  0.0369663
5  0
6  0
7  0
8  0
9  0
10  0.268425
11  0.0886684
12  0
13  0
14  0
15  0
16  0
17  0.316504
18  0.0716736
19  0
20  0
21  0
22  0.177862
23  0
24  0
25  0
26  0
27  0
28  0
29  0
30  0
31  0
32  0
parterrornum2 17
part123

1  0
2  0
3  0
4  0
5  0
6  0
7  0
8  0
9  0
10  0.668248
11  0.0257329
12  0
13  0
14  0.0404374
15  0.0577677
16  0
17  0
18  0
19  0
20  0
21  0
22  0.0613581
23  0
24  0
25  0
26  0
27  0
28  0
29  0
30  0
31  0.146456
32  0
parterrornum3 10


49


1  0
2  0
3  0
4  0
5  0
6  0
7  0
8  0
9  0
10  0
11  0
12  0
13  0
14  0
15  0
16  0
17  0
18  0
19  0
20  0
21  0
22  0
23  0
24  0
25  0
26  0
27  0
28  0
29  0
30  0
31  0
32  0


evaclass  0


part1

1  0
2  0
3  0
4  0
5  0
6  0
7  0
8  0
9  0.157492
10  0.174946
11  0
12  0
13  0
14  0.104442
15  0
16  0
17  0.15015
18  0
19  0
20  0.0614896
21  0
22  0.0709034
23  0
24  0.05401
25  0.0549445
26  0.0596811
27  0
28  0
29  0.0511552
30  0.0607863
31  0
32  0
parterrornum1 10
part12

1  0
2  0
3  0.0636505
4  0.114127
5  0
6  0
7  0
8  0
9  0
10  0.330686
11  0
12  0.0752962
13  0
14  0
15  0
16  0
17  0.150473
18  0.0728395
19  0.0730636
20  0
21  0
22  0.0553173
23  0
24  0.064547
25  0
26  0
27  0
28  0
29  0
30  0
31  0
32  0
parterrornum2 10
part123

1  0
2  0
3  0.0718645
4  0
5  0
6  0
7  0.0250973
8  0
9  0
10  0.711534
11  0
12  0.0388172
13  0
14  0
15  0
16  0
17  0.115368
18  0
19  0
20  0
21  0
22  0
23  0
24  0
25  0
26  0
27  0
28  0
29  0
30  0
31  0
32  0.0373193
parterrornum3 10


50


1  0
2  0
3  0
4  0
5  0
6  0
7  0
8  0
9  0
10  0
11  0
12  0
13  0
14  0
15  0
16  0
17  0
18  0
19  0
20  0
21  0
22  0
23  0
24  0
25  0
26  0
27  0
28  0
29  0
30  0
31  0
32  0


evaclass  0


part1

1  0.238467
2  0
3  0
4  0
5  0
6  0
7  0
8  0
9  0
10  0
11  0
12  0
13  0
14  0.0715201
15  0
16  0
17  0.415697
18  0
19  0
20  0.0437006
21  0.0512579
22  0.127607
23  0
24  0
25  0
26  0.0517508
27  0
28  0
29  0
30  0
31  0
32  0
parterrornum1 17
part12

1  0
2  0
3  0
4  0
5  0
6  0
7  0
8  0
9  0
10  0.355128
11  0
12  0
13  0
14  0
15  0
16  0
17  0.247247
18  0
19  0
20  0
21  0
22  0.249502
23  0
24  0
25  0
26  0
27  0.100513
28  0.0476097
29  0
30  0
31  0
32  0
parterrornum2 10
part123

1  0
2  0
3  0
4  0
5  0
6  0
7  0
8  0
9  0
10  0.736798
11  0
12  0
13  0.0429974
14  0
15  0
16  0.0383068
17  0
18  0
19  0
20  0
21  0.0457249
22  0
23  0
24  0
25  0
26  0.0573298
27  0.0415519
28  0
29  0
30  0
31  0.0372911
32  0
parterrornum3 10


51


1  0
2  0
3  0
4  0
5  0
6  0
7  0
8  0
9  0
10  0
11  0
12  0
13  0
14  0
15  0
16  0
17  0
18  0
19  0
20  0
21  0
22  0
23  0
24  0
25  0
26  0
27  0
28  0
29  0
30  0
31  0
32  0


evaclass  0


part1

1  0
2  0
3  0
4  0
5  0
6  0.0494686
7  0.0526556
8  0
9  0
10  0
11  0.785382
12  0
13  0.0363739
14  0
15  0
16  0
17  0
18  0
19  0
20  0
21  0
22  0
23  0
24  0
25  0
26  0
27  0
28  0.0387989
29  0
30  0.0373208
31  0
32  0
parterrornum1 11
part12

1  0
2  0
3  0
4  0
5  0
6  0
7  0.0580498
8  0
9  0
10  0
11  0.903643
12  0
13  0
14  0
15  0
16  0
17  0
18  0
19  0
20  0
21  0
22  0
23  0
24  0
25  0
26  0
27  0
28  0.0383068
29  0
30  0
31  0
32  0
parterrornum2 11
part123

1  0
2  0.0739425
3  0
4  0
5  0
6  0
7  0
8  0
9  0
10  0
11  0.771969
12  0
13  0
14  0
15  0
16  0
17  0
18  0
19  0
20  0
21  0.0753509
22  0
23  0
24  0
25  0
26  0
27  0
28  0
29  0
30  0.0787379
31  0
32  0
parterrornum3 11


52


1  0
2  0
3  0
4  0
5  0
6  0
7  0
8  0
9  0
10  0
11  0
12  0
13  0
14  0
15  0
16  0
17  0
18  0
19  0
20  0
21  0
22  0
23  0
24  0
25  0
26  0
27  0
28  0
29  0
30  0
31  0
32  0


evaclass  0


part1

1  0
2  0
3  0
4  0
5  0
6  0
7  0
8  0
9  0
10  0
11  0.867292
12  0
13  0
14  0
15  0
16  0.0582574
17  0
18  0
19  0
20  0
21  0
22  0
23  0
24  0
25  0
26  0.0353944
27  0
28  0
29  0.0390562
30  0
31  0
32  0
parterrornum1 11
part12

1  0
2  0
3  0
4  0
5  0
6  0
7  0
8  0
9  0
10  0
11  1
12  0
13  0
14  0
15  0
16  0
17  0
18  0
19  0
20  0
21  0
22  0
23  0
24  0
25  0
26  0
27  0
28  0
29  0
30  0
31  0
32  0
parterrornum2 11
part123

1  0
2  0
3  0
4  0
5  0
6  0
7  0
8  0
9  0
10  0
11  0.271057
12  0
13  0
14  0
15  0
16  0.0627759
17  0.0692879
18  0
19  0
20  0
21  0
22  0
23  0
24  0
25  0
26  0
27  0
28  0.415747
29  0.054399
30  0.0764087
31  0
32  0.0503249
parterrornum3 28


53


1  0
2  0
3  0
4  0
5  0
6  0
7  0
8  0
9  0
10  0
11  0
12  0
13  0
14  0
15  0
16  0
17  0
18  0
19  0
20  0
21  0
22  0
23  0
24  0
25  0
26  0
27  0
28  0
29  0
30  0
31  0
32  0


evaclass  0


part1

1  0
2  0
3  0
4  0
5  0
6  0.0431555
7  0.046088
8  0
9  0
10  0
11  0.816236
12  0
13  0
14  0
15  0
16  0
17  0
18  0
19  0
20  0
21  0
22  0
23  0
24  0
25  0
26  0.0558033
27  0
28  0
29  0.038717
30  0
31  0
32  0
parterrornum1 11
part12

1  0
2  0
3  0
4  0
5  0
6  0
7  0
8  0
9  0
10  0
11  0.847858
12  0
13  0
14  0
15  0
16  0
17  0
18  0
19  0
20  0
21  0
22  0
23  0
24  0
25  0
26  0
27  0
28  0
29  0.152142
30  0
31  0
32  0
parterrornum2 11
part123

1  0
2  0
3  0
4  0
5  0
6  0.0553048
7  0
8  0
9  0
10  0
11  0.561327
12  0
13  0
14  0
15  0
16  0.0383234
17  0
18  0
19  0
20  0
21  0
22  0
23  0
24  0
25  0
26  0
27  0
28  0.0403062
29  0.111466
30  0.155677
31  0
32  0.0375949
parterrornum3 11


54


1  0
2  0
3  0
4  0
5  0
6  0
7  0
8  0
9  0
10  0
11  0
12  0
13  0
14  0
15  0
16  0
17  0
18  0
19  0
20  0
21  0
22  0
23  0
24  0
25  0
26  0
27  0
28  0
29  0
30  0
31  0
32  0


evaclass  0


part1

1  0
2  0
3  0
4  0
5  0
6  0
7  0
8  0
9  0
10  0
11  0.968325
12  0
13  0
14  0
15  0
16  0
17  0
18  0
19  0
20  0
21  0
22  0
23  0
24  0
25  0
26  0
27  0
28  0
29  0.0316754
30  0
31  0
32  0
parterrornum1 11
part12

1  0
2  0
3  0
4  0
5  0
6  0
7  0
8  0
9  0
10  0
11  0.811231
12  0
13  0
14  0
15  0
16  0
17  0
18  0
19  0
20  0
21  0
22  0
23  0
24  0
25  0
26  0
27  0
28  0
29  0.149559
30  0.0392099
31  0
32  0
parterrornum2 11
part123

1  0
2  0.0646002
3  0
4  0
5  0
6  0
7  0
8  0
9  0
10  0
11  0.373963
12  0
13  0
14  0
15  0
16  0.0892428
17  0
18  0
19  0
20  0
21  0
22  0
23  0
24  0
25  0
26  0
27  0
28  0
29  0.146817
30  0.295125
31  0
32  0.0302518
parterrornum3 11


55


1  0
2  0
3  0
4  0
5  0
6  0
7  0
8  0
9  0
10  0
11  0
12  0
13  0
14  0
15  0
16  0
17  0
18  0
19  0
20  0
21  0
22  0
23  0
24  0
25  0
26  0
27  0
28  0
29  0
30  0
31  0
32  0


evaclass  0


part1

1  0
2  0
3  0
4  0.0684713
5  0
6  0
7  0
8  0
9  0
10  0
11  0.883736
12  0
13  0
14  0
15  0
16  0
17  0
18  0
19  0
20  0
21  0
22  0
23  0
24  0
25  0
26  0
27  0
28  0
29  0.0477927
30  0
31  0
32  0
parterrornum1 11
part12

1  0
2  0
3  0
4  0
5  0
6  0
7  0
8  0
9  0
10  0
11  0.915543
12  0
13  0
14  0.0328147
15  0
16  0
17  0
18  0
19  0
20  0
21  0
22  0
23  0
24  0
25  0
26  0
27  0
28  0
29  0.0516423
30  0
31  0
32  0
parterrornum2 11
part123

1  0
2  0.0840658
3  0
4  0
5  0
6  0.0525096
7  0
8  0
9  0
10  0
11  0.407167
12  0.135192
13  0
14  0
15  0
16  0
17  0
18  0
19  0
20  0
21  0
22  0
23  0
24  0
25  0
26  0
27  0
28  0
29  0.0637805
30  0.257285
31  0
32  0
parterrornum3 11


56


1  0
2  0
3  0
4  0
5  0
6  0
7  0
8  0
9  0
10  0
11  0
12  0
13  0
14  0
15  0
16  0
17  0
18  0
19  0
20  0
21  0
22  0
23  0
24  0
25  0
26  0
27  0
28  0
29  0
30  0
31  0
32  0


evaclass  0


part1

1  0
2  0
3  0.166193
4  0
5  0
6  0
7  0
8  0.102649
9  0
10  0
11  0
12  0.415483
13  0
14  0
15  0
16  0
17  0.169685
18  0
19  0
20  0.145989
21  0
22  0
23  0
24  0
25  0
26  0
27  0
28  0
29  0
30  0
31  0
32  0
parterrornum1 12
part12

1  0
2  0
3  0
4  0
5  0.132794
6  0
7  0
8  0
9  0
10  0
11  0
12  0.714853
13  0
14  0.0862491
15  0
16  0
17  0.0661033
18  0
19  0
20  0
21  0
22  0
23  0
24  0
25  0
26  0
27  0
28  0
29  0
30  0
31  0
32  0
parterrornum2 12
part123

1  0
2  0
3  0.0840732
4  0
5  0
6  0.116749
7  0.066764
8  0
9  0
10  0
11  0
12  0.732414
13  0
14  0
15  0
16  0
17  0
18  0
19  0
20  0
21  0
22  0
23  0
24  0
25  0
26  0
27  0
28  0
29  0
30  0
31  0
32  0
parterrornum3 12


57


1  0
2  0
3  0
4  0
5  0
6  0
7  0
8  0
9  0
10  0
11  0
12  0
13  0
14  0
15  0
16  0
17  0
18  0
19  0
20  0
21  0
22  0
23  0
24  0
25  0
26  0
27  0
28  0
29  0
30  0
31  0
32  0


evaclass  0


part1

1  0
2  0
3  0
4  0.041711
5  0.288903
6  0.0432752
7  0
8  0
9  0
10  0
11  0
12  0.430452
13  0
14  0
15  0
16  0
17  0
18  0
19  0.0597591
20  0
21  0
22  0
23  0
24  0
25  0
26  0
27  0.044555
28  0.0574549
29  0
30  0
31  0.0338902
32  0
parterrornum1 12
part12

1  0
2  0
3  0.0874044
4  0
5  0.107133
6  0
7  0.0543019
8  0
9  0
10  0
11  0.0355111
12  0.517231
13  0.0407
14  0
15  0
16  0
17  0
18  0
19  0
20  0
21  0
22  0
23  0.0629311
24  0
25  0
26  0
27  0.0386968
28  0.0560908
29  0
30  0
31  0
32  0
parterrornum2 12
part123

1  0
2  0
3  0
4  0
5  0.14381
6  0
7  0
8  0
9  0
10  0
11  0.0508856
12  0.646376
13  0.0389125
14  0
15  0
16  0.0518834
17  0
18  0
19  0
20  0
21  0
22  0
23  0
24  0
25  0.036917
26  0
27  0
28  0.0312156
29  0
30  0
31  0
32  0
parterrornum3 12


58


1  0
2  0
3  0
4  0
5  0
6  0
7  0
8  0
9  0
10  0
11  0
12  0
13  0
14  0
15  0
16  0
17  0
18  0
19  0
20  0
21  0
22  0
23  0
24  0
25  0
26  0
27  0
28  0
29  0
30  0
31  0
32  0


evaclass  0


part1

1  0
2  0
3  0.045414
4  0.0726007
5  0.0937115
6  0
7  0
8  0
9  0
10  0
11  0
12  0.715814
13  0
14  0
15  0
16  0
17  0
18  0
19  0
20  0
21  0
22  0
23  0
24  0
25  0
26  0
27  0
28  0.0461349
29  0
30  0.0263252
31  0
32  0
parterrornum1 12
part12

1  0
2  0
3  0.0490086
4  0
5  0
6  0
7  0
8  0
9  0
10  0
11  0
12  0.705588
13  0
14  0
15  0.0387127
16  0
17  0.0687929
18  0
19  0
20  0
21  0.0447852
22  0.0634603
23  0
24  0
25  0
26  0
27  0.0296522
28  0
29  0
30  0
31  0
32  0
parterrornum2 12
part123

1  0.0316447
2  0
3  0
4  0
5  0
6  0
7  0
8  0
9  0
10  0
11  0
12  0.869003
13  0
14  0
15  0
16  0.0365906
17  0
18  0
19  0
20  0
21  0
22  0
23  0
24  0
25  0.0356882
26  0.0270738
27  0
28  0
29  0
30  0
31  0
32  0
parterrornum3 12


59


1  0
2  0
3  0
4  0
5  0
6  0
7  0
8  0
9  0
10  0
11  0
12  0
13  0
14  0
15  0
16  0
17  0
18  0
19  0
20  0
21  0
22  0
23  0
24  0
25  0
26  0
27  0
28  0
29  0
30  0
31  0
32  0


evaclass  0


part1

1  0
2  0
3  0.0212854
4  0
5  0
6  0
7  0
8  0
9  0
10  0
11  0
12  0.637097
13  0
14  0
15  0
16  0
17  0.236356
18  0
19  0.0789799
20  0
21  0
22  0
23  0
24  0
25  0
26  0
27  0
28  0
29  0
30  0.0262815
31  0
32  0
parterrornum1 12
part12

1  0
2  0
3  0.0292568
4  0
5  0
6  0
7  0
8  0
9  0
10  0
11  0
12  0.701815
13  0
14  0
15  0
16  0
17  0.194694
18  0
19  0
20  0
21  0
22  0
23  0
24  0
25  0
26  0
27  0
28  0.0742344
29  0
30  0
31  0
32  0
parterrornum2 12
part123

1  0
2  0
3  0
4  0
5  0
6  0
7  0
8  0
9  0
10  0
11  0
12  0.894974
13  0.028008
14  0.0279296
15  0
16  0
17  0.0225648
18  0
19  0
20  0
21  0
22  0
23  0
24  0
25  0
26  0
27  0.0265235
28  0
29  0
30  0
31  0
32  0
parterrornum3 12


60


1  0
2  0
3  0
4  0
5  0
6  0
7  0
8  0
9  0
10  0
11  0
12  0
13  0
14  0
15  0
16  0
17  0
18  0
19  0
20  0
21  0
22  0
23  0
24  0
25  0
26  0
27  0
28  0
29  0
30  0
31  0
32  0


evaclass  0


part1

1  0.0475112
2  0.0310161
3  0
4  0
5  0
6  0
7  0
8  0
9  0
10  0
11  0
12  0.672071
13  0
14  0
15  0
16  0
17  0.086905
18  0
19  0.0344467
20  0
21  0
22  0
23  0
24  0
25  0
26  0
27  0
28  0.0476541
29  0
30  0.0398473
31  0.040549
32  0
parterrornum1 12
part12

1  0
2  0
3  0
4  0
5  0
6  0
7  0
8  0
9  0
10  0
11  0
12  0.845955
13  0.0701178
14  0
15  0
16  0
17  0.0539157
18  0
19  0
20  0
21  0
22  0
23  0
24  0
25  0
26  0
27  0.0300117
28  0
29  0
30  0
31  0
32  0
parterrornum2 12
part123

1  0
2  0
3  0
4  0
5  0
6  0
7  0
8  0
9  0
10  0
11  0
12  0.857185
13  0.0257045
14  0
15  0
16  0
17  0
18  0
19  0.0424374
20  0
21  0.0204355
22  0
23  0
24  0.019937
25  0
26  0
27  0
28  0
29  0
30  0.0343004
31  0
32  0
parterrornum3 12


61


1  0
2  0
3  0
4  0
5  0
6  0
7  0
8  0
9  0
10  0
11  0
12  0
13  0
14  0
15  0
16  0
17  0
18  0
19  0
20  0
21  0
22  0
23  0
24  0
25  0
26  0
27  0
28  0
29  0
30  0
31  0
32  0


evaclass  0


part1

1  0
2  0
3  0
4  0
5  0.0468114
6  0
7  0
8  0.08192
9  0
10  0
11  0.0916724
12  0
13  0.205339
14  0
15  0
16  0
17  0
18  0
19  0
20  0
21  0
22  0
23  0
24  0
25  0.169809
26  0
27  0.160294
28  0
29  0
30  0.0542883
31  0
32  0.189867
parterrornum1 13
part12

1  0
2  0
3  0
4  0.0907283
5  0.096958
6  0
7  0
8  0
9  0
10  0
11  0.078195
12  0.0776404
13  0.16947
14  0
15  0
16  0.0621123
17  0
18  0
19  0.0879924
20  0
21  0
22  0
23  0
24  0
25  0
26  0
27  0
28  0
29  0.100655
30  0
31  0
32  0.236249
parterrornum2 32
part123

1  0
2  0
3  0
4  0.142553
5  0.0586131
6  0
7  0
8  0.0694673
9  0
10  0
11  0
12  0.277414
13  0
14  0
15  0
16  0
17  0
18  0
19  0
20  0.078771
21  0
22  0
23  0
24  0.171497
25  0
26  0
27  0.112555
28  0
29  0
30  0.0891291
31  0
32  0
parterrornum3 12


62


1  0
2  0
3  0
4  0
5  0
6  0
7  0
8  0
9  0
10  0
11  0
12  0
13  0
14  0
15  0
16  0
17  0
18  0
19  0
20  0
21  0
22  0
23  0
24  0
25  0
26  0
27  0
28  0
29  0
30  0
31  0
32  0


evaclass  0


part1

1  0
2  0
3  0
4  0.0485376
5  0
6  0
7  0
8  0.039237
9  0
10  0
11  0
12  0
13  0.69678
14  0
15  0
16  0.0412245
17  0
18  0
19  0.0444686
20  0
21  0
22  0
23  0
24  0
25  0
26  0
27  0
28  0
29  0.052316
30  0.0361645
31  0
32  0.0412715
parterrornum1 13
part12

1  0
2  0
3  0
4  0
5  0
6  0
7  0.0572308
8  0
9  0.0450692
10  0
11  0
12  0
13  0.50256
14  0
15  0
16  0
17  0
18  0
19  0.221847
20  0
21  0
22  0
23  0.0469471
24  0.0443446
25  0
26  0.082001
27  0
28  0
29  0
30  0
31  0
32  0
parterrornum2 13
part123

1  0.0509838
2  0
3  0
4  0
5  0
6  0
7  0.0534587
8  0
9  0
10  0
11  0
12  0.18652
13  0.393164
14  0.0646785
15  0
16  0
17  0
18  0
19  0.15646
20  0
21  0
22  0.0448401
23  0
24  0
25  0
26  0
27  0
28  0
29  0.0498948
30  0
31  0
32  0
parterrornum3 13


63


1  0
2  0
3  0
4  0
5  0
6  0
7  0
8  0
9  0
10  0
11  0
12  0
13  0
14  0
15  0
16  0
17  0
18  0
19  0
20  0
21  0
22  0
23  0
24  0
25  0
26  0
27  0
28  0
29  0
30  0
31  0
32  0


evaclass  0


part1

1  0
2  0
3  0
4  0
5  0
6  0.0385342
7  0
8  0
9  0
10  0
11  0
12  0.127019
13  0.656209
14  0
15  0
16  0
17  0
18  0
19  0.0978069
20  0
21  0
22  0
23  0
24  0
25  0
26  0
27  0
28  0
29  0
30  0.032312
31  0.0481191
32  0
parterrornum1 13
part12

1  0
2  0
3  0.0691086
4  0
5  0
6  0
7  0.063613
8  0
9  0
10  0
11  0.130837
12  0.179023
13  0.300578
14  0
15  0
16  0.0661193
17  0.0347535
18  0
19  0
20  0
21  0.0607846
22  0.0951842
23  0
24  0
25  0
26  0
27  0
28  0
29  0
30  0
31  0
32  0
parterrornum2 13
part123

1  0
2  0
3  0
4  0
5  0
6  0
7  0
8  0
9  0
10  0
11  0
12  0
13  0.717586
14  0
15  0.131065
16  0
17  0
18  0
19  0
20  0
21  0
22  0
23  0
24  0
25  0
26  0.0323376
27  0
28  0
29  0.119011
30  0
31  0
32  0
parterrornum3 13


64


1  0
2  0
3  0
4  0
5  0
6  0
7  0
8  0
9  0
10  0
11  0
12  0
13  0
14  0
15  0
16  0
17  0
18  0
19  0
20  0
21  0
22  0
23  0
24  0
25  0
26  0
27  0
28  0
29  0
30  0
31  0
32  0


evaclass  0


part1

1  0
2  0
3  0
4  0
5  0
6  0.0205609
7  0.0342682
8  0
9  0
10  0
11  0
12  0.163168
13  0.63128
14  0
15  0
16  0
17  0.0282713
18  0
19  0
20  0
21  0
22  0
23  0
24  0
25  0
26  0.0269577
27  0
28  0
29  0
30  0.0954941
31  0
32  0
parterrornum1 13
part12

1  0
2  0
3  0
4  0
5  0
6  0
7  0
8  0
9  0
10  0
11  0.0423414
12  0.0559411
13  0.691985
14  0
15  0
16  0
17  0
18  0
19  0.111041
20  0
21  0
22  0.0572591
23  0
24  0
25  0
26  0
27  0.0414319
28  0
29  0
30  0
31  0
32  0
parterrornum2 13
part123

1  0
2  0
3  0
4  0
5  0
6  0
7  0
8  0
9  0
10  0
11  0
12  0.175918
13  0.687606
14  0
15  0
16  0.0602245
17  0
18  0
19  0.0390529
20  0
21  0
22  0
23  0
24  0
25  0
26  0
27  0
28  0
29  0
30  0
31  0.0371983
32  0
parterrornum3 13


65


1  0
2  0
3  0
4  0
5  0
6  0
7  0
8  0
9  0
10  0
11  0
12  0
13  0
14  0
15  0
16  0
17  0
18  0
19  0
20  0
21  0
22  0
23  0
24  0
25  0
26  0
27  0
28  0
29  0
30  0
31  0
32  0


evaclass  0


part1

1  0
2  0
3  0
4  0
5  0
6  0
7  0
8  0
9  0
10  0
11  0
12  0
13  0.707559
14  0.182773
15  0
16  0
17  0
18  0
19  0
20  0
21  0
22  0
23  0
24  0
25  0
26  0
27  0
28  0
29  0.0455687
30  0.0640992
31  0
32  0
parterrornum1 13
part12

1  0.0421779
2  0.0338195
3  0.038962
4  0
5  0
6  0
7  0
8  0
9  0
10  0
11  0
12  0.0519493
13  0.721867
14  0.0503076
15  0.0609167
16  0
17  0
18  0
19  0
20  0
21  0
22  0
23  0
24  0
25  0
26  0
27  0
28  0
29  0
30  0
31  0
32  0
parterrornum2 13
part123

1  0.0375982
2  0
3  0
4  0
5  0
6  0.0631237
7  0
8  0
9  0
10  0
11  0
12  0
13  0.802893
14  0
15  0
16  0.0327258
17  0
18  0
19  0
20  0
21  0
22  0
23  0
24  0
25  0
26  0
27  0
28  0
29  0.063659
30  0
31  0
32  0
parterrornum3 13


66


1  0
2  0
3  0
4  0
5  0
6  0
7  0
8  0
9  0
10  0
11  0
12  0
13  0
14  0
15  0
16  0
17  0
18  0
19  0
20  0
21  0
22  0
23  0
24  0
25  0
26  0
27  0
28  0
29  0
30  0
31  0
32  0


evaclass  0


part1

1  0
2  0
3  0.318827
4  0
5  0
6  0
7  0
8  0
9  0
10  0
11  0
12  0
13  0
14  0.49352
15  0
16  0
17  0
18  0
19  0
20  0.0784464
21  0
22  0
23  0
24  0.109207
25  0
26  0
27  0
28  0
29  0
30  0
31  0
32  0
parterrornum1 14
part12

1  0
2  0
3  0.33026
4  0
5  0.0829594
6  0
7  0.0776457
8  0
9  0
10  0
11  0
12  0.0780794
13  0
14  0.122111
15  0
16  0
17  0
18  0
19  0
20  0
21  0
22  0
23  0
24  0
25  0
26  0
27  0
28  0
29  0
30  0.213297
31  0
32  0.0956473
parterrornum2 3
part123

1  0
2  0
3  0.288091
4  0
5  0
6  0.0858144
7  0
8  0
9  0
10  0
11  0
12  0
13  0
14  0.503503
15  0
16  0
17  0
18  0
19  0
20  0.122592
21  0
22  0
23  0
24  0
25  0
26  0
27  0
28  0
29  0
30  0
31  0
32  0
parterrornum3 14


67


1  0
2  0
3  0
4  0
5  0
6  0
7  0
8  0
9  0
10  0
11  0
12  0
13  0
14  0
15  0
16  0
17  0
18  0
19  0
20  0
21  0
22  0
23  0
24  0
25  0
26  0
27  0
28  0
29  0
30  0
31  0
32  0


evaclass  0


part1

1  0.0471987
2  0
3  0
4  0.107618
5  0
6  0
7  0
8  0
9  0.0337134
10  0
11  0.0876547
12  0
13  0.0446702
14  0.526685
15  0.0674267
16  0.0850326
17  0
18  0
19  0
20  0
21  0
22  0
23  0
24  0
25  0
26  0
27  0
28  0
29  0
30  0
31  0
32  0
parterrornum1 14
part12

1  0
2  0.0399735
3  0.0362625
4  0
5  0
6  0
7  0
8  0
9  0
10  0
11  0
12  0
13  0
14  0.847529
15  0
16  0.0289793
17  0
18  0
19  0
20  0
21  0
22  0
23  0.0472554
24  0
25  0
26  0
27  0
28  0
29  0
30  0
31  0
32  0
parterrornum2 14
part123

1  0
2  0
3  0.0421273
4  0
5  0
6  0
7  0
8  0
9  0
10  0
11  0
12  0
13  0
14  0.92859
15  0
16  0.029283
17  0
18  0
19  0
20  0
21  0
22  0
23  0
24  0
25  0
26  0
27  0
28  0
29  0
30  0
31  0
32  0
parterrornum3 14


68


1  0
2  0
3  0
4  0
5  0
6  0
7  0
8  0
9  0
10  0
11  0
12  0
13  0
14  0
15  0
16  0
17  0
18  0
19  0
20  0
21  0
22  0
23  0
24  0
25  0
26  0
27  0
28  0
29  0
30  0
31  0
32  0


evaclass  0


part1

1  0
2  0.0288429
3  0
4  0
5  0
6  0
7  0
8  0
9  0
10  0
11  0
12  0
13  0.031786
14  0.834006
15  0.0400269
16  0.0346115
17  0
18  0
19  0
20  0
21  0
22  0
23  0
24  0
25  0
26  0
27  0
28  0
29  0.0307265
30  0
31  0
32  0
parterrornum1 14
part12

1  0
2  0
3  0.104306
4  0
5  0
6  0
7  0
8  0
9  0
10  0
11  0
12  0
13  0
14  0.720512
15  0.0748255
16  0
17  0.100356
18  0
19  0
20  0
21  0
22  0
23  0
24  0
25  0
26  0
27  0
28  0
29  0
30  0
31  0
32  0
parterrornum2 14
part123

1  0
2  0
3  0
4  0.021172
5  0
6  0
7  0.0199209
8  0
9  0
10  0
11  0
12  0.0346451
13  0
14  0.924262
15  0
16  0
17  0
18  0
19  0
20  0
21  0
22  0
23  0
24  0
25  0
26  0
27  0
28  0
29  0
30  0
31  0
32  0
parterrornum3 14


69


1  0
2  0
3  0
4  0
5  0
6  0
7  0
8  0
9  0
10  0
11  0
12  0
13  0
14  0
15  0
16  0
17  0
18  0
19  0
20  0
21  0
22  0
23  0
24  0
25  0
26  0
27  0
28  0
29  0
30  0
31  0
32  0


evaclass  0


part1

1  0
2  0
3  0
4  0
5  0
6  0
7  0
8  0
9  0
10  0
11  0
12  0
13  0
14  0.977148
15  0
16  0
17  0
18  0
19  0
20  0
21  0
22  0
23  0
24  0
25  0.0228518
26  0
27  0
28  0
29  0
30  0
31  0
32  0
parterrornum1 14
part12

1  0
2  0
3  0
4  0
5  0
6  0
7  0
8  0
9  0
10  0
11  0
12  0
13  0
14  1
15  0
16  0
17  0
18  0
19  0
20  0
21  0
22  0
23  0
24  0
25  0
26  0
27  0
28  0
29  0
30  0
31  0
32  0
parterrornum2 14
part123

1  0
2  0
3  0
4  0
5  0
6  0
7  0
8  0
9  0
10  0
11  0
12  0
13  0.0495162
14  0.928629
15  0.0218543
16  0
17  0
18  0
19  0
20  0
21  0
22  0
23  0
24  0
25  0
26  0
27  0
28  0
29  0
30  0
31  0
32  0
parterrornum3 14


70


1  0
2  0
3  0
4  0
5  0
6  0
7  0
8  0
9  0
10  0
11  0
12  0
13  0
14  0
15  0
16  0
17  0
18  0
19  0
20  0
21  0
22  0
23  0
24  0
25  0
26  0
27  0
28  0
29  0
30  0
31  0
32  0


evaclass  0


part1

1  0
2  0
3  0
4  0
5  0
6  0
7  0
8  0
9  0
10  0
11  0
12  0
13  0
14  0.844133
15  0
16  0
17  0
18  0
19  0
20  0
21  0
22  0
23  0
24  0
25  0
26  0
27  0
28  0
29  0.155867
30  0
31  0
32  0
parterrornum1 14
part12

1  0
2  0
3  0
4  0
5  0
6  0
7  0
8  0
9  0
10  0
11  0
12  0
13  0
14  0.786171
15  0
16  0
17  0
18  0
19  0
20  0
21  0
22  0
23  0
24  0
25  0
26  0
27  0
28  0
29  0.180523
30  0.0333057
31  0
32  0
parterrornum2 14
part123

1  0
2  0
3  0
4  0
5  0
6  0
7  0
8  0
9  0
10  0
11  0
12  0.0307109
13  0
14  0.749611
15  0
16  0
17  0
18  0
19  0
20  0
21  0
22  0
23  0
24  0
25  0
26  0
27  0
28  0
29  0.219679
30  0
31  0
32  0
parterrornum3 14


71


1  0
2  0
3  0
4  0
5  0
6  0
7  0
8  0
9  0
10  0
11  0
12  0
13  0
14  0
15  0
16  0
17  0
18  0
19  0
20  0
21  0
22  0
23  0
24  0
25  0
26  0
27  0
28  0
29  0
30  0
31  0
32  0


evaclass  0


part1

1  0
2  0.0516296
3  0
4  0
5  0
6  0
7  0
8  0
9  0
10  0
11  0
12  0
13  0
14  0
15  0.856261
16  0
17  0
18  0
19  0
20  0
21  0.0538804
22  0
23  0
24  0
25  0
26  0.0382288
27  0
28  0
29  0
30  0
31  0
32  0
parterrornum1 15
part12

1  0
2  0
3  0
4  0
5  0
6  0
7  0.0966737
8  0
9  0
10  0
11  0
12  0
13  0
14  0
15  0.819687
16  0
17  0
18  0
19  0
20  0
21  0.0434489
22  0
23  0
24  0
25  0
26  0
27  0
28  0
29  0
30  0
31  0
32  0.0401902
parterrornum2 15
part123

1  0
2  0
3  0
4  0
5  0
6  0
7  0
8  0
9  0
10  0
11  0.0635673
12  0
13  0
14  0
15  0.774744
16  0
17  0
18  0
19  0
20  0
21  0.110835
22  0
23  0.0508538
24  0
25  0
26  0
27  0
28  0
29  0
30  0
31  0
32  0
parterrornum3 15


72


1  0
2  0
3  0
4  0
5  0
6  0
7  0
8  0
9  0
10  0
11  0
12  0
13  0
14  0
15  0
16  0
17  0
18  0
19  0
20  0
21  0
22  0
23  0
24  0
25  0
26  0
27  0
28  0
29  0
30  0
31  0
32  0


evaclass  0


part1

1  0
2  0.210508
3  0
4  0
5  0
6  0.04121
7  0
8  0
9  0.050551
10  0
11  0.070371
12  0.0659361
13  0
14  0
15  0.525159
16  0
17  0
18  0
19  0
20  0
21  0
22  0
23  0
24  0
25  0
26  0
27  0.0362648
28  0
29  0
30  0
31  0
32  0
parterrornum1 15
part12

1  0
2  0.21683
3  0
4  0
5  0
6  0
7  0
8  0
9  0
10  0
11  0
12  0
13  0
14  0
15  0.729222
16  0
17  0.0539474
18  0
19  0
20  0
21  0
22  0
23  0
24  0
25  0
26  0
27  0
28  0
29  0
30  0
31  0
32  0
parterrornum2 15
part123

1  0
2  0
3  0
4  0.0368671
5  0
6  0
7  0
8  0.0427428
9  0
10  0
11  0.0421803
12  0
13  0
14  0
15  0.87821
16  0
17  0
18  0
19  0
20  0
21  0
22  0
23  0
24  0
25  0
26  0
27  0
28  0
29  0
30  0
31  0
32  0
parterrornum3 15


73


1  0
2  0
3  0
4  0
5  0
6  0
7  0
8  0
9  0
10  0
11  0
12  0
13  0
14  0
15  0
16  0
17  0
18  0
19  0
20  0
21  0
22  0
23  0
24  0
25  0
26  0
27  0
28  0
29  0
30  0
31  0
32  0


evaclass  0


part1

1  0
2  0
3  0
4  0
5  0
6  0
7  0
8  0
9  0
10  0
11  0.0264536
12  0
13  0
14  0
15  0.904786
16  0.0289955
17  0
18  0
19  0
20  0
21  0
22  0
23  0
24  0
25  0
26  0
27  0.0397652
28  0
29  0
30  0
31  0
32  0
parterrornum1 15
part12

1  0
2  0.124367
3  0
4  0
5  0
6  0.0734936
7  0
8  0
9  0
10  0
11  0.0950761
12  0
13  0
14  0.0483739
15  0.474484
16  0.0491982
17  0.0676169
18  0
19  0
20  0
21  0
22  0
23  0.0673909
24  0
25  0
26  0
27  0
28  0
29  0
30  0
31  0
32  0
parterrornum2 15
part123

1  0
2  0.118838
3  0
4  0
5  0
6  0
7  0
8  0
9  0
10  0
11  0
12  0
13  0
14  0
15  0.587235
16  0.0491972
17  0
18  0
19  0
20  0
21  0
22  0.0346751
23  0
24  0
25  0
26  0
27  0
28  0
29  0.164011
30  0
31  0
32  0.046043
parterrornum3 15


74


1  0
2  0
3  0
4  0
5  0
6  0
7  0
8  0
9  0
10  0
11  0
12  0
13  0
14  0
15  0
16  0
17  0
18  0
19  0
20  0
21  0
22  0
23  0
24  0
25  0
26  0
27  0
28  0
29  0
30  0
31  0
32  0


evaclass  0


part1

1  0
2  0
3  0
4  0.0284251
5  0.0321794
6  0
7  0
8  0
9  0
10  0
11  0.0411181
12  0
13  0
14  0
15  0.731199
16  0
17  0
18  0
19  0
20  0
21  0
22  0
23  0.0540928
24  0
25  0
26  0.0393303
27  0.0321794
28  0
29  0.0414756
30  0
31  0
32  0
parterrornum1 15
part12

1  0
2  0.0848327
3  0
4  0.0373594
5  0
6  0
7  0
8  0
9  0
10  0
11  0
12  0
13  0
14  0
15  0.877808
16  0
17  0
18  0
19  0
20  0
21  0
22  0
23  0
24  0
25  0
26  0
27  0
28  0
29  0
30  0
31  0
32  0
parterrornum2 15
part123

1  0
2  0.074939
3  0
4  0
5  0
6  0
7  0
8  0
9  0
10  0
11  0
12  0
13  0
14  0
15  0.830329
16  0
17  0
18  0
19  0
20  0
21  0
22  0
23  0
24  0
25  0
26  0
27  0
28  0
29  0.0947319
30  0
31  0
32  0
parterrornum3 15


75


1  0
2  0
3  0
4  0
5  0
6  0
7  0
8  0
9  0
10  0
11  0
12  0
13  0
14  0
15  0
16  0
17  0
18  0
19  0
20  0
21  0
22  0
23  0
24  0
25  0
26  0
27  0
28  0
29  0
30  0
31  0
32  0


evaclass  0


part1

1  0
2  0
3  0
4  0
5  0
6  0
7  0
8  0
9  0
10  0
11  0
12  0
13  0
14  0
15  0.858808
16  0
17  0
18  0
19  0
20  0
21  0.048419
22  0.0287702
23  0.0329637
24  0
25  0
26  0
27  0
28  0
29  0
30  0.0310388
31  0
32  0
parterrornum1 15
part12

1  0
2  0
3  0
4  0
5  0
6  0
7  0
8  0
9  0
10  0
11  0.0518251
12  0
13  0
14  0
15  0.781922
16  0
17  0
18  0
19  0.0526843
20  0
21  0
22  0
23  0.0383789
24  0
25  0
26  0
27  0
28  0.0327284
29  0
30  0
31  0
32  0.0424618
parterrornum2 15
part123

1  0
2  0
3  0
4  0
5  0
6  0
7  0
8  0
9  0
10  0
11  0
12  0
13  0.0889739
14  0
15  0.805623
16  0
17  0
18  0
19  0.021851
20  0
21  0
22  0
23  0
24  0
25  0
26  0
27  0
28  0
29  0.0835525
30  0
31  0
32  0
parterrornum3 15


76


1  0
2  0
3  0
4  0
5  0
6  0
7  0
8  0
9  0
10  0
11  0
12  0
13  0
14  0
15  0
16  0
17  0
18  0
19  0
20  0
21  0
22  0
23  0
24  0
25  0
26  0
27  0
28  0
29  0
30  0
31  0
32  0


evaclass  0


part1

1  0.0660756
2  0.0648978
3  0
4  0.067277
5  0
6  0
7  0.231363
8  0.076888
9  0
10  0
11  0
12  0
13  0
14  0
15  0.0720825
16  0.203026
17  0
18  0
19  0
20  0
21  0
22  0
23  0.12228
24  0
25  0
26  0
27  0
28  0
29  0.09611
30  0
31  0
32  0
parterrornum1 7
part12

1  0
2  0
3  0
4  0
5  0
6  0
7  0
8  0
9  0.10146
10  0
11  0
12  0
13  0
14  0
15  0.100397
16  0.455334
17  0
18  0
19  0
20  0
21  0.214945
22  0
23  0.0689319
24  0
25  0
26  0
27  0
28  0
29  0
30  0
31  0
32  0.0589326
parterrornum2 16
part123

1  0
2  0
3  0
4  0
5  0
6  0
7  0.191495
8  0
9  0.226423
10  0
11  0
12  0
13  0
14  0
15  0
16  0.509363
17  0
18  0
19  0
20  0
21  0
22  0
23  0
24  0
25  0
26  0.0727195
27  0
28  0
29  0
30  0
31  0
32  0
parterrornum3 16


77


1  0
2  0
3  0
4  0
5  0
6  0
7  0
8  0
9  0
10  0
11  0
12  0
13  0
14  0
15  0
16  0
17  0
18  0
19  0
20  0
21  0
22  0
23  0
24  0
25  0
26  0
27  0
28  0
29  0
30  0
31  0
32  0


evaclass  0


part1

1  0
2  0
3  0
4  0
5  0
6  0
7  0
8  0.118963
9  0.0381339
10  0
11  0.0352486
12  0
13  0
14  0
15  0.0543889
16  0.753265
17  0
18  0
19  0
20  0
21  0
22  0
23  0
24  0
25  0
26  0
27  0
28  0
29  0
30  0
31  0
32  0
parterrornum1 16
part12

1  0
2  0
3  0
4  0
5  0
6  0
7  0
8  0
9  0.0617731
10  0
11  0
12  0
13  0
14  0
15  0
16  0.902503
17  0
18  0
19  0
20  0
21  0
22  0
23  0
24  0
25  0
26  0
27  0.0357242
28  0
29  0
30  0
31  0
32  0
parterrornum2 16
part123

1  0
2  0
3  0
4  0
5  0
6  0
7  0.0392109
8  0
9  0
10  0
11  0.0385348
12  0
13  0
14  0
15  0
16  0.853898
17  0
18  0
19  0.0338025
20  0
21  0
22  0
23  0
24  0
25  0
26  0.0345537
27  0
28  0
29  0
30  0
31  0
32  0
parterrornum3 16


78


1  0
2  0
3  0
4  0
5  0
6  0
7  0
8  0
9  0
10  0
11  0
12  0
13  0
14  0
15  0
16  0
17  0
18  0
19  0
20  0
21  0
22  0
23  0
24  0
25  0
26  0
27  0
28  0
29  0
30  0
31  0
32  0


evaclass  0


part1

1  0
2  0
3  0
4  0
5  0
6  0
7  0
8  0
9  0
10  0.0286833
11  0
12  0
13  0
14  0
15  0
16  0.937569
17  0
18  0
19  0
20  0
21  0
22  0
23  0.0337472
24  0
25  0
26  0
27  0
28  0
29  0
30  0
31  0
32  0
parterrornum1 16
part12

1  0
2  0
3  0
4  0
5  0
6  0
7  0
8  0
9  0.0403744
10  0
11  0
12  0
13  0
14  0
15  0
16  0.840238
17  0
18  0
19  0
20  0
21  0
22  0
23  0.0391651
24  0
25  0
26  0
27  0
28  0
29  0.0351936
30  0
31  0
32  0.0450285
parterrornum2 16
part123

1  0
2  0
3  0
4  0.0275188
5  0
6  0
7  0.0494218
8  0
9  0.0295989
10  0
11  0
12  0
13  0
14  0
15  0
16  0.844995
17  0
18  0
19  0
20  0
21  0
22  0.0251554
23  0
24  0
25  0
26  0
27  0
28  0
29  0
30  0
31  0
32  0.0233101
parterrornum3 16


79


1  0
2  0
3  0
4  0
5  0
6  0
7  0
8  0
9  0
10  0
11  0
12  0
13  0
14  0
15  0
16  0
17  0
18  0
19  0
20  0
21  0
22  0
23  0
24  0
25  0
26  0
27  0
28  0
29  0
30  0
31  0
32  0


evaclass  0


part1

1  0
2  0
3  0
4  0
5  0
6  0
7  0.0252147
8  0
9  0
10  0
11  0
12  0
13  0
14  0
15  0
16  0.898963
17  0
18  0
19  0
20  0
21  0.038739
22  0
23  0.0370835
24  0
25  0
26  0
27  0
28  0
29  0
30  0
31  0
32  0
parterrornum1 16
part12

1  0
2  0
3  0
4  0
5  0
6  0
7  0.0255269
8  0
9  0.0459167
10  0
11  0.0539864
12  0
13  0
14  0
15  0
16  0.792798
17  0.0817716
18  0
19  0
20  0
21  0
22  0
23  0
24  0
25  0
26  0
27  0
28  0
29  0
30  0
31  0
32  0
parterrornum2 16
part123

1  0
2  0
3  0
4  0
5  0
6  0
7  0
8  0
9  0
10  0
11  0
12  0.023394
13  0
14  0
15  0
16  0.976606
17  0
18  0
19  0
20  0
21  0
22  0
23  0
24  0
25  0
26  0
27  0
28  0
29  0
30  0
31  0
32  0
parterrornum3 16


80


1  0
2  0
3  0
4  0
5  0
6  0
7  0
8  0
9  0
10  0
11  0
12  0
13  0
14  0
15  0
16  0
17  0
18  0
19  0
20  0
21  0
22  0
23  0
24  0
25  0
26  0
27  0
28  0
29  0
30  0
31  0
32  0


evaclass  0


part1

1  0
2  0.041977
3  0
4  0.0457605
5  0
6  0
7  0
8  0
9  0.0475819
10  0
11  0.0678946
12  0
13  0
14  0
15  0
16  0.685866
17  0
18  0
19  0.0858769
20  0
21  0
22  0
23  0
24  0
25  0
26  0
27  0
28  0
29  0.0250431
30  0
31  0
32  0
parterrornum1 16
part12

1  0
2  0
3  0
4  0
5  0
6  0
7  0.0332289
8  0
9  0
10  0
11  0
12  0
13  0
14  0
15  0
16  0.87057
17  0
18  0
19  0
20  0
21  0
22  0
23  0
24  0
25  0
26  0
27  0
28  0
29  0.0670829
30  0.0291181
31  0
32  0
parterrornum2 16
part123

1  0
2  0.0303943
3  0
4  0.0703448
5  0
6  0
7  0
8  0
9  0
10  0
11  0
12  0.0442015
13  0
14  0
15  0.0367501
16  0.705144
17  0
18  0
19  0.0536805
20  0.0329991
21  0
22  0
23  0.0264854
24  0
25  0
26  0
27  0
28  0
29  0
30  0
31  0
32  0
parterrornum3 16


81


1  0
2  0
3  0
4  0
5  0
6  0
7  0
8  0
9  0
10  0
11  0
12  0
13  0
14  0
15  0
16  0
17  0
18  0
19  0
20  0
21  0
22  0
23  0
24  0
25  0
26  0
27  0
28  0
29  0
30  0
31  0
32  0


evaclass  0


part1

1  0
2  0
3  0
4  0
5  0
6  0
7  0
8  0
9  0
10  0
11  0
12  0
13  0
14  0
15  0
16  0
17  0.636558
18  0
19  0
20  0
21  0
22  0.185347
23  0
24  0
25  0
26  0
27  0.0672746
28  0
29  0.110821
30  0
31  0
32  0
parterrornum1 17
part12

1  0
2  0
3  0
4  0
5  0
6  0
7  0
8  0
9  0
10  0
11  0
12  0.0423446
13  0
14  0
15  0
16  0
17  0.924925
18  0
19  0.0327302
20  0
21  0
22  0
23  0
24  0
25  0
26  0
27  0
28  0
29  0
30  0
31  0
32  0
parterrornum2 17
part123

1  0
2  0
3  0.0756698
4  0
5  0
6  0
7  0
8  0
9  0
10  0
11  0
12  0
13  0
14  0
15  0
16  0
17  0.784178
18  0
19  0.0696792
20  0
21  0
22  0
23  0
24  0
25  0
26  0.0704733
27  0
28  0
29  0
30  0
31  0
32  0
parterrornum3 17


82


1  0
2  0
3  0
4  0
5  0
6  0
7  0
8  0
9  0
10  0
11  0
12  0
13  0
14  0
15  0
16  0
17  0
18  0
19  0
20  0
21  0
22  0
23  0
24  0
25  0
26  0
27  0
28  0
29  0
30  0
31  0
32  0


evaclass  0


part1

1  0
2  0
3  0
4  0
5  0
6  0
7  0.0460689
8  0.0477687
9  0
10  0
11  0
12  0
13  0
14  0
15  0.0563309
16  0
17  0.790108
18  0
19  0
20  0
21  0.0597239
22  0
23  0
24  0
25  0
26  0
27  0
28  0
29  0
30  0
31  0
32  0
parterrornum1 17
part12

1  0
2  0
3  0
4  0
5  0
6  0.0419888
7  0.0913369
8  0
9  0.0585482
10  0
11  0
12  0
13  0
14  0
15  0.104112
16  0
17  0.601241
18  0
19  0
20  0
21  0.0531959
22  0
23  0
24  0
25  0
26  0.0495771
27  0
28  0
29  0
30  0
31  0
32  0
parterrornum2 17
part123

1  0
2  0
3  0
4  0.0445243
5  0
6  0
7  0.0558493
8  0
9  0
10  0
11  0
12  0
13  0
14  0
15  0.0474719
16  0.21173
17  0.601543
18  0
19  0
20  0
21  0
22  0
23  0
24  0
25  0
26  0
27  0
28  0
29  0
30  0
31  0
32  0.0388812
parterrornum3 17


83


1  0
2  0
3  0
4  0
5  0
6  0
7  0
8  0
9  0
10  0
11  0
12  0
13  0
14  0
15  0
16  0
17  0
18  0
19  0
20  0
21  0
22  0
23  0
24  0
25  0
26  0
27  0
28  0
29  0
30  0
31  0
32  0


evaclass  0


part1

1  0
2  0
3  0
4  0
5  0
6  0
7  0.0970432
8  0
9  0
10  0
11  0
12  0
13  0
14  0
15  0
16  0
17  0.825465
18  0
19  0.0360308
20  0.0193623
21  0
22  0
23  0
24  0
25  0
26  0
27  0
28  0.0220983
29  0
30  0
31  0
32  0
parterrornum1 17
part12

1  0
2  0
3  0
4  0
5  0
6  0
7  0.0303108
8  0
9  0
10  0
11  0
12  0
13  0
14  0
15  0
16  0
17  0.890746
18  0
19  0
20  0.0239099
21  0
22  0
23  0
24  0
25  0
26  0.055033
27  0
28  0
29  0
30  0
31  0
32  0
parterrornum2 17
part123

1  0
2  0
3  0
4  0
5  0
6  0
7  0
8  0
9  0
10  0
11  0
12  0
13  0
14  0
15  0.0900298
16  0
17  0.738618
18  0.0398479
19  0
20  0
21  0
22  0
23  0
24  0
25  0
26  0
27  0
28  0
29  0
30  0.0944132
31  0
32  0.0370909
parterrornum3 17


84


1  0
2  0
3  0
4  0
5  0
6  0
7  0
8  0
9  0
10  0
11  0
12  0
13  0
14  0
15  0
16  0
17  0
18  0
19  0
20  0
21  0
22  0
23  0
24  0
25  0
26  0
27  0
28  0
29  0
30  0
31  0
32  0


evaclass  0


part1

1  0
2  0
3  0
4  0
5  0
6  0
7  0
8  0
9  0
10  0
11  0
12  0
13  0.0570878
14  0
15  0
16  0
17  0.837988
18  0
19  0.060145
20  0
21  0.0447793
22  0
23  0
24  0
25  0
26  0
27  0
28  0
29  0
30  0
31  0
32  0
parterrornum1 17
part12

1  0
2  0
3  0
4  0
5  0
6  0
7  0
8  0
9  0
10  0
11  0
12  0
13  0
14  0
15  0
16  0
17  0.852653
18  0.0277317
19  0
20  0
21  0
22  0
23  0.0413276
24  0.0531092
25  0
26  0
27  0
28  0
29  0.0251781
30  0
31  0
32  0
parterrornum2 17
part123

1  0.0193941
2  0
3  0
4  0
5  0
6  0
7  0
8  0
9  0
10  0
11  0
12  0
13  0
14  0.0296056
15  0
16  0
17  0.926009
18  0
19  0
20  0
21  0
22  0
23  0
24  0
25  0
26  0.0249915
27  0
28  0
29  0
30  0
31  0
32  0
parterrornum3 17


85


1  0
2  0
3  0
4  0
5  0
6  0
7  0
8  0
9  0
10  0
11  0
12  0
13  0
14  0
15  0
16  0
17  0
18  0
19  0
20  0
21  0
22  0
23  0
24  0
25  0
26  0
27  0
28  0
29  0
30  0
31  0
32  0


evaclass  0


part1

1  0
2  0
3  0.0242984
4  0
5  0.0204488
6  0
7  0
8  0
9  0
10  0
11  0
12  0.027039
13  0
14  0
15  0
16  0
17  0.906499
18  0
19  0
20  0
21  0
22  0
23  0
24  0
25  0
26  0.0217146
27  0
28  0
29  0
30  0
31  0
32  0
parterrornum1 17
part12

1  0
2  0
3  0.101133
4  0
5  0
6  0
7  0
8  0
9  0
10  0
11  0
12  0
13  0
14  0
15  0
16  0
17  0.898867
18  0
19  0
20  0
21  0
22  0
23  0
24  0
25  0
26  0
27  0
28  0
29  0
30  0
31  0
32  0
parterrornum2 17
part123

1  0
2  0
3  0.0704537
4  0
5  0
6  0
7  0
8  0
9  0
10  0
11  0
12  0.0238324
13  0
14  0
15  0
16  0
17  0.800604
18  0
19  0
20  0.0429224
21  0
22  0
23  0
24  0
25  0
26  0
27  0
28  0
29  0.0621874
30  0
31  0
32  0
parterrornum3 17


86


1  0
2  0
3  0
4  0
5  0
6  0
7  0
8  0
9  0
10  0
11  0
12  0
13  0
14  0
15  0
16  0
17  0
18  0
19  0
20  0
21  0
22  0
23  0
24  0
25  0
26  0
27  0
28  0
29  0
30  0
31  0
32  0


evaclass  0


part1

1  0
2  0
3  0
4  0
5  0
6  0
7  0.0835977
8  0.0593343
9  0
10  0
11  0
12  0
13  0
14  0
15  0
16  0
17  0
18  0.0667511
19  0
20  0
21  0
22  0
23  0
24  0.654875
25  0
26  0
27  0
28  0
29  0
30  0
31  0
32  0.135442
parterrornum1 24
part12

1  0
2  0
3  0
4  0
5  0
6  0
7  0.0747686
8  0
9  0
10  0
11  0
12  0.052338
13  0
14  0
15  0
16  0
17  0
18  0.543567
19  0
20  0
21  0
22  0
23  0
24  0.19857
25  0
26  0.0738785
27  0
28  0
29  0
30  0
31  0
32  0.0568776
parterrornum2 18
part123

1  0
2  0
3  0
4  0
5  0.115246
6  0.0594516
7  0
8  0
9  0
10  0
11  0
12  0
13  0
14  0
15  0.0428874
16  0
17  0
18  0.0687055
19  0
20  0
21  0
22  0.0519286
23  0
24  0.362175
25  0.061154
26  0.0816021
27  0.0765227
28  0
29  0
30  0
31  0
32  0.080327
parterrornum3 24


87


1  0
2  0
3  0
4  0
5  0
6  0
7  0
8  0
9  0
10  0
11  0
12  0
13  0
14  0
15  0
16  0
17  0
18  0
19  0
20  0
21  0
22  0
23  0
24  0
25  0
26  0
27  0
28  0
29  0
30  0
31  0
32  0


evaclass  0


part1

1  0.0298677
2  0
3  0
4  0
5  0
6  0
7  0
8  0
9  0
10  0
11  0
12  0
13  0
14  0
15  0
16  0.0338995
17  0.314942
18  0.381428
19  0
20  0
21  0
22  0
23  0
24  0.201427
25  0.0384348
26  0
27  0
28  0
29  0
30  0
31  0
32  0
parterrornum1 18
part12

1  0
2  0
3  0
4  0
5  0
6  0
7  0.0241985
8  0
9  0
10  0
11  0
12  0
13  0
14  0
15  0
16  0
17  0.361375
18  0.276724
19  0
20  0
21  0
22  0
23  0
24  0.30961
25  0
26  0
27  0
28  0
29  0
30  0
31  0
32  0.0280929
parterrornum2 17
part123

1  0
2  0
3  0.0373099
4  0
5  0
6  0
7  0
8  0
9  0
10  0
11  0
12  0
13  0
14  0
15  0
16  0
17  0.0991191
18  0.434284
19  0
20  0
21  0
22  0
23  0
24  0.353314
25  0
26  0
27  0
28  0
29  0.0374798
30  0.0384931
31  0
32  0
parterrornum3 18


88


1  0
2  0
3  0
4  0
5  0
6  0
7  0
8  0
9  0
10  0
11  0
12  0
13  0
14  0
15  0
16  0
17  0
18  0
19  0
20  0
21  0
22  0
23  0
24  0
25  0
26  0
27  0
28  0
29  0
30  0
31  0
32  0


evaclass  0


part1

1  0
2  0
3  0
4  0
5  0
6  0
7  0
8  0.0322017
9  0
10  0
11  0
12  0
13  0
14  0
15  0
16  0
17  0.187828
18  0.36982
19  0
20  0
21  0
22  0
23  0
24  0.377029
25  0
26  0.0331218
27  0
28  0
29  0
30  0
31  0
32  0
parterrornum1 24
part12

1  0
2  0
3  0
4  0
5  0.0876516
6  0
7  0.0282601
8  0
9  0
10  0
11  0
12  0
13  0
14  0
15  0
16  0
17  0.327795
18  0.476647
19  0
20  0.044626
21  0
22  0
23  0
24  0.03502
25  0
26  0
27  0
28  0
29  0
30  0
31  0
32  0
parterrornum2 18
part123

1  0
2  0
3  0
4  0
5  0.123043
6  0
7  0
8  0
9  0
10  0
11  0
12  0
13  0
14  0
15  0
16  0
17  0
18  0.411471
19  0.0505277
20  0
21  0
22  0
23  0
24  0.414958
25  0
26  0
27  0
28  0
29  0
30  0
31  0
32  0
parterrornum3 24


89


1  0
2  0
3  0
4  0
5  0
6  0
7  0
8  0
9  0
10  0
11  0
12  0
13  0
14  0
15  0
16  0
17  0
18  0
19  0
20  0
21  0
22  0
23  0
24  0
25  0
26  0
27  0
28  0
29  0
30  0
31  0
32  0


evaclass  0


part1

1  0
2  0
3  0.0549577
4  0
5  0
6  0
7  0
8  0
9  0
10  0
11  0
12  0
13  0
14  0
15  0
16  0
17  0.123655
18  0.0783504
19  0.0450653
20  0.0549577
21  0
22  0
23  0
24  0.591903
25  0
26  0
27  0
28  0
29  0
30  0
31  0.0511107
32  0
parterrornum1 24
part12

1  0.0856325
2  0
3  0
4  0
5  0
6  0
7  0.0365852
8  0
9  0
10  0
11  0.0289028
12  0
13  0
14  0
15  0
16  0.0255246
17  0.0691166
18  0.469219
19  0
20  0
21  0
22  0
23  0
24  0.205042
25  0.0467951
26  0.033182
27  0
28  0
29  0
30  0
31  0
32  0
parterrornum2 18
part123

1  0
2  0
3  0
4  0
5  0.0647985
6  0
7  0.109932
8  0
9  0
10  0
11  0
12  0
13  0
14  0
15  0
16  0.0367554
17  0
18  0.413497
19  0
20  0.0968477
21  0
22  0
23  0
24  0.225213
25  0
26  0
27  0.0529566
28  0
29  0
30  0
31  0
32  0
parterrornum3 18


90


1  0
2  0
3  0
4  0
5  0
6  0
7  0
8  0
9  0
10  0
11  0
12  0
13  0
14  0
15  0
16  0
17  0
18  0
19  0
20  0
21  0
22  0
23  0
24  0
25  0
26  0
27  0
28  0
29  0
30  0
31  0
32  0


evaclass  0


part1

1  0
2  0
3  0
4  0
5  0
6  0
7  0
8  0.0318757
9  0
10  0.0282178
11  0
12  0
13  0
14  0
15  0
16  0
17  0.0901403
18  0.185445
19  0
20  0
21  0
22  0
23  0
24  0.664321
25  0
26  0
27  0
28  0
29  0
30  0
31  0
32  0
parterrornum1 24
part12

1  0
2  0
3  0.0357368
4  0
5  0
6  0
7  0
8  0
9  0
10  0
11  0
12  0
13  0
14  0
15  0
16  0
17  0.271338
18  0.599706
19  0
20  0
21  0
22  0
23  0
24  0.0932187
25  0
26  0
27  0
28  0
29  0
30  0
31  0
32  0
parterrornum2 18
part123

1  0
2  0
3  0
4  0
5  0
6  0
7  0
8  0
9  0
10  0
11  0.0351024
12  0.0652419
13  0
14  0
15  0
16  0
17  0
18  0.540641
19  0
20  0
21  0
22  0
23  0.0224266
24  0.336588
25  0
26  0
27  0
28  0
29  0
30  0
31  0
32  0
parterrornum3 18


91


1  0
2  0
3  0
4  0
5  0
6  0
7  0
8  0
9  0
10  0
11  0
12  0
13  0
14  0
15  0
16  0
17  0
18  0
19  0
20  0
21  0
22  0
23  0
24  0
25  0
26  0
27  0
28  0
29  0
30  0
31  0
32  0


evaclass  0


part1

1  0
2  0
3  0
4  0.0623075
5  0.0673493
6  0
7  0
8  0
9  0
10  0.185098
11  0
12  0
13  0
14  0.119902
15  0
16  0
17  0
18  0
19  0.277953
20  0
21  0
22  0
23  0
24  0.090648
25  0
26  0.0618936
27  0
28  0
29  0.134849
30  0
31  0
32  0
parterrornum1 19
part12

1  0
2  0
3  0
4  0
5  0.0906357
6  0
7  0
8  0
9  0
10  0.162369
11  0
12  0.108145
13  0.0742834
14  0.0525746
15  0
16  0
17  0
18  0
19  0.171308
20  0.0905901
21  0
22  0
23  0
24  0.107223
25  0.0724197
26  0.0704521
27  0
28  0
29  0
30  0
31  0
32  0
parterrornum2 19
part123

1  0
2  0
3  0
4  0
5  0
6  0
7  0
8  0
9  0
10  0.0609474
11  0
12  0.0731369
13  0
14  0.28116
15  0.0585095
16  0.109705
17  0
18  0.0864957
19  0.194219
20  0
21  0
22  0
23  0
24  0.135826
25  0
26  0
27  0
28  0
29  0
30  0
31  0
32  0
parterrornum3 14


92


1  0
2  0
3  0
4  0
5  0
6  0
7  0
8  0
9  0
10  0
11  0
12  0
13  0
14  0
15  0
16  0
17  0
18  0
19  0
20  0
21  0
22  0
23  0
24  0
25  0
26  0
27  0
28  0
29  0
30  0
31  0
32  0


evaclass  0


part1

1  0
2  0.0722615
3  0
4  0
5  0.0436009
6  0.0634491
7  0.100163
8  0
9  0
10  0
11  0.0444144
12  0
13  0
14  0
15  0
16  0
17  0
18  0
19  0.415517
20  0
21  0
22  0
23  0.0428869
24  0
25  0
26  0.0669741
27  0
28  0
29  0
30  0
31  0.150734
32  0
parterrornum1 19
part12

1  0
2  0
3  0
4  0
5  0.152671
6  0
7  0
8  0
9  0
10  0
11  0
12  0.0648416
13  0.0644998
14  0
15  0
16  0
17  0
18  0
19  0.627649
20  0.0495745
21  0
22  0
23  0
24  0
25  0.0407639
26  0
27  0
28  0
29  0
30  0
31  0
32  0
parterrornum2 19
part123

1  0
2  0
3  0.124285
4  0
5  0
6  0
7  0
8  0
9  0
10  0.112361
11  0
12  0.095127
13  0
14  0.074232
15  0
16  0
17  0
18  0.0681167
19  0.384746
20  0.0593856
21  0
22  0.045639
23  0
24  0
25  0
26  0.0361079
27  0
28  0
29  0
30  0
31  0
32  0
parterrornum3 19


93


1  0
2  0
3  0
4  0
5  0
6  0
7  0
8  0
9  0
10  0
11  0
12  0
13  0
14  0
15  0
16  0
17  0
18  0
19  0
20  0
21  0
22  0
23  0
24  0
25  0
26  0
27  0
28  0
29  0
30  0
31  0
32  0


evaclass  0


part1

1  0
2  0
3  0.0458652
4  0.0449522
5  0
6  0
7  0.0413656
8  0.045772
9  0
10  0.0434532
11  0.0358661
12  0.0983529
13  0
14  0
15  0
16  0
17  0
18  0
19  0.644373
20  0
21  0
22  0
23  0
24  0
25  0
26  0
27  0
28  0
29  0
30  0
31  0
32  0
parterrornum1 19
part12

1  0.141241
2  0
3  0.0433859
4  0
5  0
6  0
7  0
8  0
9  0
10  0
11  0
12  0.050313
13  0
14  0
15  0.0641674
16  0.0520631
17  0.0340282
18  0
19  0.557926
20  0
21  0
22  0
23  0
24  0
25  0
26  0
27  0
28  0
29  0
30  0
31  0.0568756
32  0
parterrornum2 19
part123

1  0
2  0
3  0
4  0
5  0.0355073
6  0
7  0.0327513
8  0
9  0
10  0
11  0
12  0
13  0
14  0
15  0
16  0
17  0
18  0
19  0.892436
20  0
21  0
22  0
23  0
24  0
25  0
26  0
27  0.0393056
28  0
29  0
30  0
31  0
32  0
parterrornum3 19


94


1  0
2  0
3  0
4  0
5  0
6  0
7  0
8  0
9  0
10  0
11  0
12  0
13  0
14  0
15  0
16  0
17  0
18  0
19  0
20  0
21  0
22  0
23  0
24  0
25  0
26  0
27  0
28  0
29  0
30  0
31  0
32  0


evaclass  0


part1

1  0
2  0
3  0
4  0
5  0.124189
6  0
7  0.0294836
8  0.129924
9  0
10  0
11  0
12  0
13  0
14  0
15  0
16  0
17  0
18  0
19  0.643586
20  0
21  0
22  0.0351347
23  0
24  0
25  0
26  0
27  0
28  0
29  0
30  0
31  0.0376827
32  0
parterrornum1 19
part12

1  0
2  0
3  0
4  0
5  0
6  0
7  0.0428766
8  0
9  0
10  0
11  0
12  0.0433993
13  0.0368236
14  0
15  0
16  0
17  0.0420841
18  0
19  0.793475
20  0
21  0
22  0
23  0
24  0
25  0
26  0
27  0
28  0
29  0.0413415
30  0
31  0
32  0
parterrornum2 19
part123

1  0
2  0
3  0
4  0
5  0
6  0
7  0
8  0
9  0
10  0
11  0
12  0.057419
13  0
14  0
15  0.0370272
16  0
17  0
18  0
19  0.844781
20  0
21  0
22  0.0253556
23  0
24  0
25  0
26  0
27  0
28  0
29  0
30  0
31  0.0354173
32  0
parterrornum3 19


95


1  0
2  0
3  0
4  0
5  0
6  0
7  0
8  0
9  0
10  0
11  0
12  0
13  0
14  0
15  0
16  0
17  0
18  0
19  0
20  0
21  0
22  0
23  0
24  0
25  0
26  0
27  0
28  0
29  0
30  0
31  0
32  0


evaclass  0


part1

1  0
2  0.0294611
3  0
4  0
5  0
6  0
7  0
8  0.0385383
9  0
10  0
11  0
12  0.0443711
13  0.0926298
14  0
15  0
16  0
17  0
18  0
19  0.795
20  0
21  0
22  0
23  0
24  0
25  0
26  0
27  0
28  0
29  0
30  0
31  0
32  0
parterrornum1 19
part12

1  0
2  0
3  0
4  0
5  0
6  0
7  0.0403572
8  0
9  0
10  0
11  0
12  0
13  0.141018
14  0.0437086
15  0
16  0
17  0
18  0
19  0.711285
20  0
21  0
22  0
23  0
24  0
25  0
26  0
27  0
28  0
29  0
30  0
31  0.0636314
32  0
parterrornum2 19
part123

1  0
2  0.0265222
3  0
4  0
5  0
6  0
7  0
8  0
9  0
10  0.0306479
11  0
12  0.315863
13  0
14  0.053155
15  0
16  0
17  0
18  0
19  0.456961
20  0
21  0
22  0
23  0
24  0
25  0
26  0
27  0
28  0
29  0
30  0
31  0.116851
32  0
parterrornum3 19


96


1  0
2  0
3  0
4  0
5  0
6  0
7  0
8  0
9  0
10  0
11  0
12  0
13  0
14  0
15  0
16  0
17  0
18  0
19  0
20  0
21  0
22  0
23  0
24  0
25  0
26  0
27  0
28  0
29  0
30  0
31  0
32  0


evaclass  0


part1

1  0
2  0
3  0
4  0
5  0
6  0
7  0
8  0
9  0
10  0
11  0
12  0
13  0
14  0
15  0
16  0
17  0
18  0
19  0
20  0.803471
21  0
22  0
23  0.196529
24  0
25  0
26  0
27  0
28  0
29  0
30  0
31  0
32  0
parterrornum1 20
part12

1  0
2  0
3  0
4  0
5  0
6  0
7  0
8  0
9  0
10  0
11  0
12  0.0680379
13  0
14  0
15  0.147609
16  0
17  0
18  0
19  0
20  0.568844
21  0
22  0
23  0
24  0
25  0.0840728
26  0
27  0
28  0
29  0
30  0
31  0
32  0.131437
parterrornum2 20
part123

1  0
2  0
3  0
4  0
5  0
6  0
7  0
8  0
9  0
10  0
11  0
12  0
13  0
14  0
15  0
16  0
17  0
18  0
19  0
20  0.912499
21  0.0875011
22  0
23  0
24  0
25  0
26  0
27  0
28  0
29  0
30  0
31  0
32  0
parterrornum3 20


97


1  0
2  0
3  0
4  0
5  0
6  0
7  0
8  0
9  0
10  0
11  0
12  0
13  0
14  0
15  0
16  0
17  0
18  0
19  0
20  0
21  0
22  0
23  0
24  0
25  0
26  0
27  0
28  0
29  0
30  0
31  0
32  0


evaclass  0


part1

1  0
2  0
3  0
4  0
5  0
6  0
7  0
8  0
9  0
10  0
11  0
12  0
13  0
14  0
15  0
16  0
17  0
18  0
19  0
20  0.682994
21  0
22  0
23  0
24  0
25  0
26  0
27  0.0668877
28  0
29  0
30  0.250118
31  0
32  0
parterrornum1 20
part12

1  0
2  0.114162
3  0
4  0
5  0
6  0
7  0
8  0
9  0
10  0
11  0
12  0
13  0
14  0
15  0.0917135
16  0
17  0
18  0
19  0
20  0.794125
21  0
22  0
23  0
24  0
25  0
26  0
27  0
28  0
29  0
30  0
31  0
32  0
parterrornum2 20
part123

1  0
2  0
3  0
4  0
5  0
6  0
7  0
8  0.0551851
9  0
10  0
11  0
12  0
13  0
14  0
15  0.124994
16  0
17  0
18  0
19  0
20  0.819821
21  0
22  0
23  0
24  0
25  0
26  0
27  0
28  0
29  0
30  0
31  0
32  0
parterrornum3 20


98


1  0
2  0
3  0
4  0
5  0
6  0
7  0
8  0
9  0
10  0
11  0
12  0
13  0
14  0
15  0
16  0
17  0
18  0
19  0
20  0
21  0
22  0
23  0
24  0
25  0
26  0
27  0
28  0
29  0
30  0
31  0
32  0


evaclass  0


part1

1  0
2  0
3  0
4  0.0457676
5  0.0561514
6  0
7  0
8  0
9  0
10  0
11  0
12  0
13  0
14  0
15  0
16  0
17  0.147785
18  0
19  0
20  0.582197
21  0.0516731
22  0
23  0.0577923
24  0
25  0
26  0
27  0
28  0.0586338
29  0
30  0
31  0
32  0
parterrornum1 20
part12

1  0.0804658
2  0
3  0
4  0
5  0
6  0
7  0.0552256
8  0
9  0
10  0
11  0.0445375
12  0
13  0.056943
14  0
15  0
16  0.0660319
17  0
18  0
19  0
20  0.548586
21  0
22  0
23  0.0784547
24  0
25  0
26  0.0341658
27  0
28  0.0355893
29  0
30  0
31  0
32  0
parterrornum2 20
part123

1  0
2  0
3  0
4  0.0291038
5  0.0800138
6  0
7  0
8  0.190766
9  0
10  0
11  0
12  0
13  0
14  0
15  0
16  0
17  0
18  0
19  0
20  0.659128
21  0
22  0
23  0
24  0.0409878
25  0
26  0
27  0
28  0
29  0
30  0
31  0
32  0
parterrornum3 20


99


1  0
2  0
3  0
4  0
5  0
6  0
7  0
8  0
9  0
10  0
11  0
12  0
13  0
14  0
15  0
16  0
17  0
18  0
19  0
20  0
21  0
22  0
23  0
24  0
25  0
26  0
27  0
28  0
29  0
30  0
31  0
32  0


evaclass  0


part1

1  0
2  0
3  0.0363543
4  0
5  0
6  0.0304269
7  0
8  0
9  0
10  0
11  0
12  0
13  0
14  0
15  0
16  0.0533459
17  0.234035
18  0
19  0
20  0.539789
21  0
22  0
23  0.0801195
24  0
25  0
26  0
27  0
28  0
29  0
30  0
31  0
32  0.0259297
parterrornum1 20
part12

1  0.0744727
2  0.059174
3  0
4  0
5  0.116918
6  0
7  0
8  0
9  0.0613441
10  0
11  0
12  0
13  0
14  0
15  0
16  0
17  0
18  0
19  0
20  0.478506
21  0
22  0
23  0.103915
24  0.0350942
25  0
26  0
27  0
28  0
29  0
30  0
31  0
32  0.0705759
parterrornum2 20
part123

1  0.113796
2  0.0913959
3  0
4  0
5  0.0739027
6  0
7  0.0642501
8  0
9  0
10  0
11  0.0542958
12  0
13  0
14  0
15  0
16  0.0424785
17  0
18  0.0497712
19  0
20  0.435906
21  0
22  0
23  0
24  0
25  0
26  0
27  0
28  0
29  0
30  0
31  0
32  0.0742043
parterrornum3 20


100


1  0
2  0
3  0
4  0
5  0
6  0
7  0
8  0
9  0
10  0
11  0
12  0
13  0
14  0
15  0
16  0
17  0
18  0
19  0
20  0
21  0
22  0
23  0
24  0
25  0
26  0
27  0
28  0
29  0
30  0
31  0
32  0


evaclass  0


part1

1  0.0444917
2  0
3  0.0488014
4  0
5  0.0690825
6  0
7  0
8  0
9  0
10  0
11  0
12  0
13  0
14  0.0344318
15  0
16  0
17  0.175875
18  0
19  0
20  0.552373
21  0
22  0
23  0
24  0
25  0
26  0
27  0.0428927
28  0.0320514
29  0
30  0
31  0
32  0
parterrornum1 20
part12

1  0.159585
2  0
3  0.118466
4  0
5  0
6  0
7  0.0458985
8  0
9  0
10  0
11  0
12  0
13  0
14  0
15  0
16  0
17  0
18  0
19  0.0895406
20  0.549673
21  0
22  0
23  0
24  0.0368372
25  0
26  0
27  0
28  0
29  0
30  0
31  0
32  0
parterrornum2 20
part123

1  0.310786
2  0
3  0.0602374
4  0
5  0.0916346
6  0
7  0
8  0
9  0
10  0
11  0
12  0.077118
13  0
14  0
15  0
16  0
17  0
18  0
19  0
20  0.430276
21  0
22  0.0299482
23  0
24  0
25  0
26  0
27  0
28  0
29  0
30  0
31  0
32  0
parterrornum3 20
 finalresult: 
1 1  0
2 1  0
3 1  0
4 1  0
5 1  0
6 2  0
7 2  0
8 2  0
9 2  0
10 2  0
11 3  0
12 3  0
13 3  0
14 3  0
15 3  0
16 4  0
17 4  0
18 4  0
19 4  0
20 4  0
21 5  0
22 5  0
23 5  0
24 5  0
25 5  0
26 6  0
27 6  0
28 6  0
29 6  0
30 6  0
31 7  0
32 7  0
33 7  0
34 7  0
35 7  0
36 8  0
37 8  0
38 8  0
39 8  0
40 8  0
41 9  0
42 9  0
43 9  0
44 9  0
45 9  0
46 10  0
47 10  0
48 10  0
49 10  0
50 10  0
51 11  0
52 11  0
53 11  0
54 11  0
55 11  0
56 12  0
57 12  0
58 12  0
59 12  0
60 12  0
61 13  0
62 13  0
63 13  0
64 13  0
65 13  0
66 14  0
67 14  0
68 14  0
69 14  0
70 14  0
71 15  0
72 15  0
73 15  0
74 15  0
75 15  0
76 16  0
77 16  0
78 16  0
79 16  0
80 16  0
81 17  0
82 17  0
83 17  0
84 17  0
85 17  0
86 18  0
87 18  0
88 18  0
89 18  0
90 18  0
91 19  0
92 19  0
93 19  0
94 19  0
95 19  0
96 20  0
97 20  0
98 20  0
99 20  0
100 20  0
errornum:100
errorrate:1
correctrate:0%
partcorrectrate1:87%
parterrornum1:13
partcorrectrate2:93%
parterrornum2:7
partcorrectrate3:90%
parterrornum3:10
