0.01 0.112222 0 0.233464 0 0.133333 0 0 0 0 0 0.0666667 0.211111 0 0.085098 0 0 0 0.00588235 0.0944444 0 0 0 0.03 0 0 0 0.0111111 0 0.00666667 0 0 0 
0.045 0.0266667 0 0.0455556 0 0.0944444 0 0 0 0 0 0 0.298889 0 0.0777778 0 0 0 0.02 0.08 0.109091 0 0 0 0 0 0 0.0111111 0.095 0 0 0.0964647 0 
0.0333333 0.0592857 0 0.0233333 0 0.0888889 0.131667 0 0.00833333 0 0.0166667 0.0233333 0.106667 0.1 0.0983333 0 0 0.0285714 0 0 0.15119 0.0166667 0 0 0 0.0366667 0.022619 0.0311111 0 0.00666667 0 0 0.0166667 
0 0.0142857 0 0.1 0 0.0166667 0.01 0 0 0.0285714 0 0.0142857 0.1 0 0.075 0.0233766 0.00909091 0.0285714 0.0166667 0.0309524 0.17619 0.0142857 0.09 0.0666667 0 0 0.0142857 0.025 0 0.146104 0 0 0 
0.0233333 0.273214 0 0 0 0.355152 0.00625 0.0125 0.1 0 0.00625 0 0.0111111 0.0691667 0 0 0 0.0142857 0.0111111 0 0.0292929 0 0 0.00833333 0 0.00666667 0 0.0733333 0 0 0 0 0 
0 0.233889 0 0.025 0.00625 0.161806 0 0 0 0 0 0.025 0.0111111 0.0111111 0 0 0 0 0.0361111 0.08 0.0777778 0 0.1 0.0375 0 0.025 0.09 0.0111111 0 0 0 0.025 0.0433333 
0.028869 0.128175 0 0.04125 0 0.0372024 0 0 0 0 0.0142857 0.025 0.0333333 0.0111111 0.0348214 0 0 0.0285714 0.0166667 0.0125 0.489345 0 0 0 0 0.025 0.0142857 0.02 0 0 0 0 0.0395833 
0.0142857 0.244841 0 0 0.00625 0.179425 0.0333333 0 0 0 0.0142857 0 0 0.0111111 0.0285714 0 0 0.128571 0.01 0 0.238095 0 0 0 0 0 0.0242857 0.0211111 0 0 0 0.0125 0.0333333 
0.104444 0.275 0 0 0.0604167 0.13125 0.0333333 0 0 0.02 0 0 0 0.133333 0.0375 0 0 0 0.0311111 0 0.0333333 0 0 0.0111111 0 0 0.0833333 0.0333333 0 0 0 0.0125 0 
0.0154762 0.315079 0 0 0.0375 0.0638889 0.0142857 0 0 0 0.0111111 0 0.0333333 0 0.0375 0 0 0.0214286 0.0166667 0.0111111 0.297723 0 0 0 0.0222222 0 0.0117647 0 0 0 0 0.0909091 0 
0.0418943 0.00714286 0 0.01625 0 0.213278 0.0142857 0 0 0 0.0142857 0 0.105882 0 0.0348214 0 0 0.00714286 0 0.0125 0.400384 0 0 0 0.1 0.00588235 0 0.02 0 0 0 0 0.00625 
0.0360119 0.133333 0 0.01625 0.00714286 0.104735 0 0 0 0.00714286 0.0142857 0.0142857 0.0333333 0 0.00625 0 0 0.0428571 0.157143 0.0125 0.312289 0 0 0 0.00714286 0.0333333 0.0142857 0.0271429 0.00714286 0 0.00714286 0 0.00625 
0.150159 0.075 0.0846154 0 0 0.0685714 0.02 0.0142857 0 0 0.02 0 0.025 0.0833333 0.05 0.025 0 0 0.0111111 0.02 0.104762 0 0.0416667 0.0348291 0.02 0 0.0333333 0.0333333 0 0 0.025 0.06 0 
0.0664225 0.0166667 0.0309524 0.0311111 0.0653968 0.0166667 0.0703968 0 0 0.0166667 0.0277778 0.0277778 0.125641 0.0333333 0.0333333 0 0.0111111 0 0.0277778 0 0.138235 0 0.0142857 0.0253968 0 0.0333333 0.0843838 0.0111111 0.025 0 0 0.025 0.0422222 
0.0142857 0.0920635 0.0559524 0.108889 0.0653968 0.0611111 0.0453968 0 0 0 0.0277778 0.0111111 0.0333333 0 0.05 0 0.0111111 0.0809524 0 0 0.0166667 0 0.116071 0.0392857 0 0 0.0664683 0.0111111 0 0 0 0.0222222 0.0707937 
0.0309524 0.135714 0.0368347 0.0111111 0.0587302 0 0.102063 0.0990196 0.00588235 0.0166667 0.0277778 0.0111111 0.0333333 0.04 0 0 0.0111111 0.0142857 0.0333333 0 0.05 0 0.0309524 0.0201681 0 0 0.104286 0.0111111 0 0 0 0 0.115556 
