0.02 0.0482143 0 0.0142857 0 0.12619 0.115152 0.00714286 0 0 0.153571 0.0142857 0.106508 0 0.0428571 0 0.0311111 0 0.02 0.154564 0.0111111 0.0162338 0 0 0 0.0142857 0.00909091 0 0 0 0 0.05 0.0453968 
0.0533333 0.0285714 0 0.214286 0 0.05 0.115152 0 0.02 0.02 0 0.04 0.0805556 0.0222222 0.0952381 0.0333333 0.0111111 0 0 0.0111111 0.0111111 0.00909091 0.0277778 0 0 0.0142857 0.00909091 0.00833333 0 0 0 0 0.125397 
0.0276923 0.02 0.0982143 0.1 0.024812 0.00526316 0.01 0 0 0.0857143 0.025 0 0 0.00526316 0.03 0 0.0242857 0.06 0 0.19 0.0989474 0 0.0375 0 0 0 0 0 0.025 0.0176923 0.106923 0 0.00769231 
0.0276923 0 0.0857143 0.108333 0.034812 0.00526316 0.01 0.176623 0 0 0 0 0.0833333 0.0152632 0.01 0 0.00714286 0 0 0.12 0.107281 0 0 0 0 0 0.06 0 0 0.0248352 0.106923 0 0.0167832 
0.0125 0.149776 0 0 0.0738783 0.172712 0 0.0111111 0.0133333 0.02 0.0220238 0 0 0.0266917 0 0 0.0047619 0 0.0125 0.0491667 0.311457 0 0.0125 0 0.0191667 0.0172619 0 0.0111111 0.0166667 0 0 0.0375 0.00588235 
0.00833333 0.105252 0 0.108333 0.0294339 0.0479102 0.0283333 0 0 0 0.0125 0 0 0.00526316 0 0 0 0 0.0666667 0.05 0.432092 0 0.0125 0.05 0 0 0 0 0 0 0 0.0375 0.00588235 
0.0266667 0.2943 0 0 0.022291 0.0229102 0.0633333 0 0 0 0 0 0.0222222 0.00526316 0.01 0 0.0111111 0 0 0.0261111 0.432131 0 0 0 0.00666667 0 0 0 0 0.01 0.03 0 0.0169935 
0.0209524 0.267712 0.0125 0.0111111 0.022291 0.109923 0 0 0.0142857 0 0.025 0 0 0.00526316 0 0 0 0 0 0.0852381 0.177297 0 0.0375 0.05 0.00666667 0 0 0.00909091 0.0392857 0 0 0 0.105882 
0.1 0.0325 0 0 0.0444444 0.185079 0 0.0111111 0 0 0.00952381 0 0 0.0922619 0 0 0.0047619 0 0.02 0.0111111 0.218056 0 0.00625 0 0.02 0.0110119 0.1 0.0798611 0 0 0 0.0477778 0.00625 
0.116667 0.0321429 0.0166667 0 0.0444444 0.128838 0.02 0.0111111 0 0.0166667 0 0 0 0 0 0 0.0166667 0.05 0.02 0.02 0.265761 0 0.00625 0 0.02 0.00625 0.08 0.088952 0 0 0 0 0.0395833 
0.135238 0.12 0 0.05 0.00714286 0.0342857 0.0685714 0 0.0285714 0 0 0 0 0 0 0 0 0 0.05 0.0695238 0.267143 0 0 0 0.0566667 0.0285714 0.02 0 0.0142857 0 0 0 0.05 
0.0352381 0.105714 0 0 0 0.0342857 0.168571 0 0.0285714 0 0 0 0 0 0 0 0 0 0.1 0.0695238 0.188571 0 0.09 0 0.0166667 0.0285714 0.0366667 0 0.0142857 0 0 0 0.0833333 
0 0.0111111 0 0.241587 0.0444444 0.0422222 0 0.0611111 0.0485714 0 0 0 0.0392857 0.0222222 0 0 0 0.0111111 0.0222222 0 0.172222 0 0.05 0 0.0333333 0.0111111 0 0.0583333 0 0 0.1 0.02 0.0111111 
0.0377632 0.0411111 0 0.1 0.065 0.101944 0.01 0 0.02 0 0 0.02 0 0.0261111 0.0333333 0 0 0 0.0569006 0 0.0375 0 0.133333 0 0.141754 0.0111111 0.01 0.00526316 0 0 0.00526316 0.0325 0.111111 
0.075 0.125 0.05 0.0236111 0 0.0986111 0 0 0 0 0.00526316 0.1 0 0.111111 0 0 0 0 0.0372076 0 0 0 0 0.075 0.0510965 0.0111111 0.116667 0.0842105 0 0 0 0.025 0.0111111 
0.02 0.221389 0 0.0836111 0 0.108333 0 0 0 0 0.0119298 0.12 0 0.00666667 0 0 0 0 0.0335965 0 0.0266667 0.00666667 0.0266667 0.00833333 0.0252632 0 0.12 0.0842105 0 0 0 0.0133333 0.0833333 
