0.0320707 0.00625 0.0781566 0 0.00555556 0.0333333 0.0166667 0 0.00909091 0.0333333 0.0118056 0 0 0.00909091 0 0.00909091 0 0.273611 0 0.0125 0 0.0833333 0 0.194444 0 0 0 0 0 0 0.152778 0 0.0388889 
0.0320707 0.00625 0.0670455 0 0.00555556 0.0333333 0.0166667 0 0.00909091 0.0333333 0.0118056 0 0 0.00909091 0 0.00909091 0 0.173611 0 0.1125 0.1 0.0833333 0 0.00555556 0 0 0 0 0 0.1 0.152778 0 0.0388889 
0.0433333 0.00625 0.0125 0 0.01 0.0776923 0.0166667 0 0 0 0.0361645 0 0.01 0 0 0 0 0.323611 0 0.197115 0.1 0 0 0 0 0 0 0 0 0.1 0.0611111 0 0.00555556 
0.0366667 0.00666667 0.01875 0.00666667 0.02 0.08 0.0176923 0 0.0133333 0 0.0333333 0 0.01 0.132222 0.05 0.0278846 0.0673611 0.0166667 0.02 0.090609 0.142051 0 0 0 0 0.0233333 0.02 0.02 0 0.0738462 0.00625 0.0666667 0 
0 0.195 0 0 0.05 0.179829 0.05 0.0576923 0.0538462 0 0.00769231 0 0 0.0188034 0 0 0.025 0 0.01 0.189615 0.01 0 0.0111111 0.0153846 0.025 0.035 0.0333333 0 0.00769231 0 0 0 0.025 
0 0.122778 0 0.00666667 0.05 0.302778 0.075 0.05 0 0 0 0 0.0225 0.0211111 0.0111111 0 0.025 0 0.01 0.0175 0.103333 0 0.0111111 0 0.025 0.055 0.0561111 0 0 0 0 0.01 0.025 
0 0.167576 0 0.0138095 0 0.149012 0.025 0 0.00714286 0 0 0 0.160119 0.0111111 0 0 0 0 0.0266667 0.1175 0.29381 0 0.0111111 0 0 0.01 0 0 0 0 0 0 0.00714286 
0 0.0666667 0.0281046 0.0138095 0.05 0.018254 0.1 0 0.00714286 0 0 0 0.0753968 0.0111111 0 0 0 0 0.0166667 0.0666667 0.43381 0 0.0111111 0 0 0 0 0 0.00588235 0.0882353 0 0 0.00714286 
0 0.232789 0.00769231 0.0153846 0.025 0.0967832 0.0111111 0 0 0 0 0 0.0176923 0.035 0 0 0.0111111 0 0.0166667 0 0.292521 0 0 0 0.0166667 0.02 0.0422222 0 0 0 0 0.134359 0.025 
0 0.169231 0.00769231 0 0.025 0.05 0.1 0 0.0125 0 0 0 0.0975 0.035 0 0 0 0 0.1 0 0.305855 0 0 0 0 0.02 0.0422222 0 0 0 0 0.01 0.025 
0 0.161538 0 0.0153846 0 0.0276923 0.1 0 0.0125 0 0 0 0.0951923 0 0 0 0 0 0.0166667 0 0.511111 0 0 0 0 0.01 0.0222222 0 0 0 0 0.00769231 0.02 
0 0.0883929 0 0.0309524 0.00833333 0.0988095 0.1 0.0142857 0 0 0 0 0.0468254 0 0 0 0 0 0.0238095 0.00714286 0.441806 0 0 0 0.00625 0.01 0.01 0.01 0 0 0 0.07625 0.0271429 
0.0333766 0.01 0.03 0.1 0.02 0 0 0 0 0 0 0 0.0388034 0.0746465 0.0111111 0.0176923 0 0 0.06 0.02 0.0931169 0 0 0.04 0.00909091 0.0342857 0.0111111 0.187992 0.0392857 0 0 0.134488 0.035 
0.0345238 0 0 0.108333 0 0.0166667 0.1 0 0 0 0 0 0 0.0125 0 0 0.1 0 0.0125 0.0125 0.0375 0 0.05 0 0.0416667 0 0.1 0.05 0.140476 0.1 0 0.0833333 0 
0.0206349 0 0.0111111 0.213889 0 0.0111111 0.1 0.0944444 0 0 0 0 0 0.0111111 0.0333333 0 0.0166667 0 0.0833333 0 0.116667 0.05 0 0.0222222 0 0 0.0166667 0.025 0.115476 0 0 0 0.0583333 
0.01 0 0.116667 0.0285714 0.01 0.0992857 0.124286 0.0166667 0 0 0.0142857 0 0.102778 0.01 0.150909 0.0166667 0 0 0.02 0 0.0888889 0 0 0 0.0142857 0 0.0342857 0.0333333 0 0.1 0 0.00909091 0 
